Matrix A (100 x 100):
101.000000 0.500000 0.333333 0.250000 0.200000 0.166667 0.142857 0.125000 0.111111 0.100000 0.090909 0.083333 0.076923 0.071429 0.066667 0.062500 0.058824 0.055556 0.052632 0.050000 0.047619 0.045455 0.043478 0.041667 0.040000 0.038462 0.037037 0.035714 0.034483 0.033333 0.032258 0.031250 0.030303 0.029412 0.028571 0.027778 0.027027 0.026316 0.025641 0.025000 0.024390 0.023810 0.023256 0.022727 0.022222 0.021739 0.021277 0.020833 0.020408 0.020000 0.019608 0.019231 0.018868 0.018519 0.018182 0.017857 0.017544 0.017241 0.016949 0.016667 0.016393 0.016129 0.015873 0.015625 0.015385 0.015152 0.014925 0.014706 0.014493 0.014286 0.014085 0.013889 0.013699 0.013514 0.013333 0.013158 0.012987 0.012821 0.012658 0.012500 0.012346 0.012195 0.012048 0.011905 0.011765 0.011628 0.011494 0.011364 0.011236 0.011111 0.010989 0.010870 0.010753 0.010638 0.010526 0.010417 0.010309 0.010204 0.010101 0.010000 
0.500000 101.000000 0.500000 0.333333 0.250000 0.200000 0.166667 0.142857 0.125000 0.111111 0.100000 0.090909 0.083333 0.076923 0.071429 0.066667 0.062500 0.058824 0.055556 0.052632 0.050000 0.047619 0.045455 0.043478 0.041667 0.040000 0.038462 0.037037 0.035714 0.034483 0.033333 0.032258 0.031250 0.030303 0.029412 0.028571 0.027778 0.027027 0.026316 0.025641 0.025000 0.024390 0.023810 0.023256 0.022727 0.022222 0.021739 0.021277 0.020833 0.020408 0.020000 0.019608 0.019231 0.018868 0.018519 0.018182 0.017857 0.017544 0.017241 0.016949 0.016667 0.016393 0.016129 0.015873 0.015625 0.015385 0.015152 0.014925 0.014706 0.014493 0.014286 0.014085 0.013889 0.013699 0.013514 0.013333 0.013158 0.012987 0.012821 0.012658 0.012500 0.012346 0.012195 0.012048 0.011905 0.011765 0.011628 0.011494 0.011364 0.011236 0.011111 0.010989 0.010870 0.010753 0.010638 0.010526 0.010417 0.010309 0.010204 0.010101 
0.333333 0.500000 101.000000 0.500000 0.333333 0.250000 0.200000 0.166667 0.142857 0.125000 0.111111 0.100000 0.090909 0.083333 0.076923 0.071429 0.066667 0.062500 0.058824 0.055556 0.052632 0.050000 0.047619 0.045455 0.043478 0.041667 0.040000 0.038462 0.037037 0.035714 0.034483 0.033333 0.032258 0.031250 0.030303 0.029412 0.028571 0.027778 0.027027 0.026316 0.025641 0.025000 0.024390 0.023810 0.023256 0.022727 0.022222 0.021739 0.021277 0.020833 0.020408 0.020000 0.019608 0.019231 0.018868 0.018519 0.018182 0.017857 0.017544 0.017241 0.016949 0.016667 0.016393 0.016129 0.015873 0.015625 0.015385 0.015152 0.014925 0.014706 0.014493 0.014286 0.014085 0.013889 0.013699 0.013514 0.013333 0.013158 0.012987 0.012821 0.012658 0.012500 0.012346 0.012195 0.012048 0.011905 0.011765 0.011628 0.011494 0.011364 0.011236 0.011111 0.010989 0.010870 0.010753 0.010638 0.010526 0.010417 0.010309 0.010204 
0.250000 0.333333 0.500000 101.000000 0.500000 0.333333 0.250000 0.200000 0.166667 0.142857 0.125000 0.111111 0.100000 0.090909 0.083333 0.076923 0.071429 0.066667 0.062500 0.058824 0.055556 0.052632 0.050000 0.047619 0.045455 0.043478 0.041667 0.040000 0.038462 0.037037 0.035714 0.034483 0.033333 0.032258 0.031250 0.030303 0.029412 0.028571 0.027778 0.027027 0.026316 0.025641 0.025000 0.024390 0.023810 0.023256 0.022727 0.022222 0.021739 0.021277 0.020833 0.020408 0.020000 0.019608 0.019231 0.018868 0.018519 0.018182 0.017857 0.017544 0.017241 0.016949 0.016667 0.016393 0.016129 0.015873 0.015625 0.015385 0.015152 0.014925 0.014706 0.014493 0.014286 0.014085 0.013889 0.013699 0.013514 0.013333 0.013158 0.012987 0.012821 0.012658 0.012500 0.012346 0.012195 0.012048 0.011905 0.011765 0.011628 0.011494 0.011364 0.011236 0.011111 0.010989 0.010870 0.010753 0.010638 0.010526 0.010417 0.010309 
0.200000 0.250000 0.333333 0.500000 101.000000 0.500000 0.333333 0.250000 0.200000 0.166667 0.142857 0.125000 0.111111 0.100000 0.090909 0.083333 0.076923 0.071429 0.066667 0.062500 0.058824 0.055556 0.052632 0.050000 0.047619 0.045455 0.043478 0.041667 0.040000 0.038462 0.037037 0.035714 0.034483 0.033333 0.032258 0.031250 0.030303 0.029412 0.028571 0.027778 0.027027 0.026316 0.025641 0.025000 0.024390 0.023810 0.023256 0.022727 0.022222 0.021739 0.021277 0.020833 0.020408 0.020000 0.019608 0.019231 0.018868 0.018519 0.018182 0.017857 0.017544 0.017241 0.016949 0.016667 0.016393 0.016129 0.015873 0.015625 0.015385 0.015152 0.014925 0.014706 0.014493 0.014286 0.014085 0.013889 0.013699 0.013514 0.013333 0.013158 0.012987 0.012821 0.012658 0.012500 0.012346 0.012195 0.012048 0.011905 0.011765 0.011628 0.011494 0.011364 0.011236 0.011111 0.010989 0.010870 0.010753 0.010638 0.010526 0.010417 
0.166667 0.200000 0.250000 0.333333 0.500000 101.000000 0.500000 0.333333 0.250000 0.200000 0.166667 0.142857 0.125000 0.111111 0.100000 0.090909 0.083333 0.076923 0.071429 0.066667 0.062500 0.058824 0.055556 0.052632 0.050000 0.047619 0.045455 0.043478 0.041667 0.040000 0.038462 0.037037 0.035714 0.034483 0.033333 0.032258 0.031250 0.030303 0.029412 0.028571 0.027778 0.027027 0.026316 0.025641 0.025000 0.024390 0.023810 0.023256 0.022727 0.022222 0.021739 0.021277 0.020833 0.020408 0.020000 0.019608 0.019231 0.018868 0.018519 0.018182 0.017857 0.017544 0.017241 0.016949 0.016667 0.016393 0.016129 0.015873 0.015625 0.015385 0.015152 0.014925 0.014706 0.014493 0.014286 0.014085 0.013889 0.013699 0.013514 0.013333 0.013158 0.012987 0.012821 0.012658 0.012500 0.012346 0.012195 0.012048 0.011905 0.011765 0.011628 0.011494 0.011364 0.011236 0.011111 0.010989 0.010870 0.010753 0.010638 0.010526 
0.142857 0.166667 0.200000 0.250000 0.333333 0.500000 101.000000 0.500000 0.333333 0.250000 0.200000 0.166667 0.142857 0.125000 0.111111 0.100000 0.090909 0.083333 0.076923 0.071429 0.066667 0.062500 0.058824 0.055556 0.052632 0.050000 0.047619 0.045455 0.043478 0.041667 0.040000 0.038462 0.037037 0.035714 0.034483 0.033333 0.032258 0.031250 0.030303 0.029412 0.028571 0.027778 0.027027 0.026316 0.025641 0.025000 0.024390 0.023810 0.023256 0.022727 0.022222 0.021739 0.021277 0.020833 0.020408 0.020000 0.019608 0.019231 0.018868 0.018519 0.018182 0.017857 0.017544 0.017241 0.016949 0.016667 0.016393 0.016129 0.015873 0.015625 0.015385 0.015152 0.014925 0.014706 0.014493 0.014286 0.014085 0.013889 0.013699 0.013514 0.013333 0.013158 0.012987 0.012821 0.012658 0.012500 0.012346 0.012195 0.012048 0.011905 0.011765 0.011628 0.011494 0.011364 0.011236 0.011111 0.010989 0.010870 0.010753 0.010638 
0.125000 0.142857 0.166667 0.200000 0.250000 0.333333 0.500000 101.000000 0.500000 0.333333 0.250000 0.200000 0.166667 0.142857 0.125000 0.111111 0.100000 0.090909 0.083333 0.076923 0.071429 0.066667 0.062500 0.058824 0.055556 0.052632 0.050000 0.047619 0.045455 0.043478 0.041667 0.040000 0.038462 0.037037 0.035714 0.034483 0.033333 0.032258 0.031250 0.030303 0.029412 0.028571 0.027778 0.027027 0.026316 0.025641 0.025000 0.024390 0.023810 0.023256 0.022727 0.022222 0.021739 0.021277 0.020833 0.020408 0.020000 0.019608 0.019231 0.018868 0.018519 0.018182 0.017857 0.017544 0.017241 0.016949 0.016667 0.016393 0.016129 0.015873 0.015625 0.015385 0.015152 0.014925 0.014706 0.014493 0.014286 0.014085 0.013889 0.013699 0.013514 0.013333 0.013158 0.012987 0.012821 0.012658 0.012500 0.012346 0.012195 0.012048 0.011905 0.011765 0.011628 0.011494 0.011364 0.011236 0.011111 0.010989 0.010870 0.010753 
0.111111 0.125000 0.142857 0.166667 0.200000 0.250000 0.333333 0.500000 101.000000 0.500000 0.333333 0.250000 0.200000 0.166667 0.142857 0.125000 0.111111 0.100000 0.090909 0.083333 0.076923 0.071429 0.066667 0.062500 0.058824 0.055556 0.052632 0.050000 0.047619 0.045455 0.043478 0.041667 0.040000 0.038462 0.037037 0.035714 0.034483 0.033333 0.032258 0.031250 0.030303 0.029412 0.028571 0.027778 0.027027 0.026316 0.025641 0.025000 0.024390 0.023810 0.023256 0.022727 0.022222 0.021739 0.021277 0.020833 0.020408 0.020000 0.019608 0.019231 0.018868 0.018519 0.018182 0.017857 0.017544 0.017241 0.016949 0.016667 0.016393 0.016129 0.015873 0.015625 0.015385 0.015152 0.014925 0.014706 0.014493 0.014286 0.014085 0.013889 0.013699 0.013514 0.013333 0.013158 0.012987 0.012821 0.012658 0.012500 0.012346 0.012195 0.012048 0.011905 0.011765 0.011628 0.011494 0.011364 0.011236 0.011111 0.010989 0.010870 
0.100000 0.111111 0.125000 0.142857 0.166667 0.200000 0.250000 0.333333 0.500000 101.000000 0.500000 0.333333 0.250000 0.200000 0.166667 0.142857 0.125000 0.111111 0.100000 0.090909 0.083333 0.076923 0.071429 0.066667 0.062500 0.058824 0.055556 0.052632 0.050000 0.047619 0.045455 0.043478 0.041667 0.040000 0.038462 0.037037 0.035714 0.034483 0.033333 0.032258 0.031250 0.030303 0.029412 0.028571 0.027778 0.027027 0.026316 0.025641 0.025000 0.024390 0.023810 0.023256 0.022727 0.022222 0.021739 0.021277 0.020833 0.020408 0.020000 0.019608 0.019231 0.018868 0.018519 0.018182 0.017857 0.017544 0.017241 0.016949 0.016667 0.016393 0.016129 0.015873 0.015625 0.015385 0.015152 0.014925 0.014706 0.014493 0.014286 0.014085 0.013889 0.013699 0.013514 0.013333 0.013158 0.012987 0.012821 0.012658 0.012500 0.012346 0.012195 0.012048 0.011905 0.011765 0.011628 0.011494 0.011364 0.011236 0.011111 0.010989 
0.090909 0.100000 0.111111 0.125000 0.142857 0.166667 0.200000 0.250000 0.333333 0.500000 101.000000 0.500000 0.333333 0.250000 0.200000 0.166667 0.142857 0.125000 0.111111 0.100000 0.090909 0.083333 0.076923 0.071429 0.066667 0.062500 0.058824 0.055556 0.052632 0.050000 0.047619 0.045455 0.043478 0.041667 0.040000 0.038462 0.037037 0.035714 0.034483 0.033333 0.032258 0.031250 0.030303 0.029412 0.028571 0.027778 0.027027 0.026316 0.025641 0.025000 0.024390 0.023810 0.023256 0.022727 0.022222 0.021739 0.021277 0.020833 0.020408 0.020000 0.019608 0.019231 0.018868 0.018519 0.018182 0.017857 0.017544 0.017241 0.016949 0.016667 0.016393 0.016129 0.015873 0.015625 0.015385 0.015152 0.014925 0.014706 0.014493 0.014286 0.014085 0.013889 0.013699 0.013514 0.013333 0.013158 0.012987 0.012821 0.012658 0.012500 0.012346 0.012195 0.012048 0.011905 0.011765 0.011628 0.011494 0.011364 0.011236 0.011111 
0.083333 0.090909 0.100000 0.111111 0.125000 0.142857 0.166667 0.200000 0.250000 0.333333 0.500000 101.000000 0.500000 0.333333 0.250000 0.200000 0.166667 0.142857 0.125000 0.111111 0.100000 0.090909 0.083333 0.076923 0.071429 0.066667 0.062500 0.058824 0.055556 0.052632 0.050000 0.047619 0.045455 0.043478 0.041667 0.040000 0.038462 0.037037 0.035714 0.034483 0.033333 0.032258 0.031250 0.030303 0.029412 0.028571 0.027778 0.027027 0.026316 0.025641 0.025000 0.024390 0.023810 0.023256 0.022727 0.022222 0.021739 0.021277 0.020833 0.020408 0.020000 0.019608 0.019231 0.018868 0.018519 0.018182 0.017857 0.017544 0.017241 0.016949 0.016667 0.016393 0.016129 0.015873 0.015625 0.015385 0.015152 0.014925 0.014706 0.014493 0.014286 0.014085 0.013889 0.013699 0.013514 0.013333 0.013158 0.012987 0.012821 0.012658 0.012500 0.012346 0.012195 0.012048 0.011905 0.011765 0.011628 0.011494 0.011364 0.011236 
0.076923 0.083333 0.090909 0.100000 0.111111 0.125000 0.142857 0.166667 0.200000 0.250000 0.333333 0.500000 101.000000 0.500000 0.333333 0.250000 0.200000 0.166667 0.142857 0.125000 0.111111 0.100000 0.090909 0.083333 0.076923 0.071429 0.066667 0.062500 0.058824 0.055556 0.052632 0.050000 0.047619 0.045455 0.043478 0.041667 0.040000 0.038462 0.037037 0.035714 0.034483 0.033333 0.032258 0.031250 0.030303 0.029412 0.028571 0.027778 0.027027 0.026316 0.025641 0.025000 0.024390 0.023810 0.023256 0.022727 0.022222 0.021739 0.021277 0.020833 0.020408 0.020000 0.019608 0.019231 0.018868 0.018519 0.018182 0.017857 0.017544 0.017241 0.016949 0.016667 0.016393 0.016129 0.015873 0.015625 0.015385 0.015152 0.014925 0.014706 0.014493 0.014286 0.014085 0.013889 0.013699 0.013514 0.013333 0.013158 0.012987 0.012821 0.012658 0.012500 0.012346 0.012195 0.012048 0.011905 0.011765 0.011628 0.011494 0.011364 
0.071429 0.076923 0.083333 0.090909 0.100000 0.111111 0.125000 0.142857 0.166667 0.200000 0.250000 0.333333 0.500000 101.000000 0.500000 0.333333 0.250000 0.200000 0.166667 0.142857 0.125000 0.111111 0.100000 0.090909 0.083333 0.076923 0.071429 0.066667 0.062500 0.058824 0.055556 0.052632 0.050000 0.047619 0.045455 0.043478 0.041667 0.040000 0.038462 0.037037 0.035714 0.034483 0.033333 0.032258 0.031250 0.030303 0.029412 0.028571 0.027778 0.027027 0.026316 0.025641 0.025000 0.024390 0.023810 0.023256 0.022727 0.022222 0.021739 0.021277 0.020833 0.020408 0.020000 0.019608 0.019231 0.018868 0.018519 0.018182 0.017857 0.017544 0.017241 0.016949 0.016667 0.016393 0.016129 0.015873 0.015625 0.015385 0.015152 0.014925 0.014706 0.014493 0.014286 0.014085 0.013889 0.013699 0.013514 0.013333 0.013158 0.012987 0.012821 0.012658 0.012500 0.012346 0.012195 0.012048 0.011905 0.011765 0.011628 0.011494 
0.066667 0.071429 0.076923 0.083333 0.090909 0.100000 0.111111 0.125000 0.142857 0.166667 0.200000 0.250000 0.333333 0.500000 101.000000 0.500000 0.333333 0.250000 0.200000 0.166667 0.142857 0.125000 0.111111 0.100000 0.090909 0.083333 0.076923 0.071429 0.066667 0.062500 0.058824 0.055556 0.052632 0.050000 0.047619 0.045455 0.043478 0.041667 0.040000 0.038462 0.037037 0.035714 0.034483 0.033333 0.032258 0.031250 0.030303 0.029412 0.028571 0.027778 0.027027 0.026316 0.025641 0.025000 0.024390 0.023810 0.023256 0.022727 0.022222 0.021739 0.021277 0.020833 0.020408 0.020000 0.019608 0.019231 0.018868 0.018519 0.018182 0.017857 0.017544 0.017241 0.016949 0.016667 0.016393 0.016129 0.015873 0.015625 0.015385 0.015152 0.014925 0.014706 0.014493 0.014286 0.014085 0.013889 0.013699 0.013514 0.013333 0.013158 0.012987 0.012821 0.012658 0.012500 0.012346 0.012195 0.012048 0.011905 0.011765 0.011628 
0.062500 0.066667 0.071429 0.076923 0.083333 0.090909 0.100000 0.111111 0.125000 0.142857 0.166667 0.200000 0.250000 0.333333 0.500000 101.000000 0.500000 0.333333 0.250000 0.200000 0.166667 0.142857 0.125000 0.111111 0.100000 0.090909 0.083333 0.076923 0.071429 0.066667 0.062500 0.058824 0.055556 0.052632 0.050000 0.047619 0.045455 0.043478 0.041667 0.040000 0.038462 0.037037 0.035714 0.034483 0.033333 0.032258 0.031250 0.030303 0.029412 0.028571 0.027778 0.027027 0.026316 0.025641 0.025000 0.024390 0.023810 0.023256 0.022727 0.022222 0.021739 0.021277 0.020833 0.020408 0.020000 0.019608 0.019231 0.018868 0.018519 0.018182 0.017857 0.017544 0.017241 0.016949 0.016667 0.016393 0.016129 0.015873 0.015625 0.015385 0.015152 0.014925 0.014706 0.014493 0.014286 0.014085 0.013889 0.013699 0.013514 0.013333 0.013158 0.012987 0.012821 0.012658 0.012500 0.012346 0.012195 0.012048 0.011905 0.011765 
0.058824 0.062500 0.066667 0.071429 0.076923 0.083333 0.090909 0.100000 0.111111 0.125000 0.142857 0.166667 0.200000 0.250000 0.333333 0.500000 101.000000 0.500000 0.333333 0.250000 0.200000 0.166667 0.142857 0.125000 0.111111 0.100000 0.090909 0.083333 0.076923 0.071429 0.066667 0.062500 0.058824 0.055556 0.052632 0.050000 0.047619 0.045455 0.043478 0.041667 0.040000 0.038462 0.037037 0.035714 0.034483 0.033333 0.032258 0.031250 0.030303 0.029412 0.028571 0.027778 0.027027 0.026316 0.025641 0.025000 0.024390 0.023810 0.023256 0.022727 0.022222 0.021739 0.021277 0.020833 0.020408 0.020000 0.019608 0.019231 0.018868 0.018519 0.018182 0.017857 0.017544 0.017241 0.016949 0.016667 0.016393 0.016129 0.015873 0.015625 0.015385 0.015152 0.014925 0.014706 0.014493 0.014286 0.014085 0.013889 0.013699 0.013514 0.013333 0.013158 0.012987 0.012821 0.012658 0.012500 0.012346 0.012195 0.012048 0.011905 
0.055556 0.058824 0.062500 0.066667 0.071429 0.076923 0.083333 0.090909 0.100000 0.111111 0.125000 0.142857 0.166667 0.200000 0.250000 0.333333 0.500000 101.000000 0.500000 0.333333 0.250000 0.200000 0.166667 0.142857 0.125000 0.111111 0.100000 0.090909 0.083333 0.076923 0.071429 0.066667 0.062500 0.058824 0.055556 0.052632 0.050000 0.047619 0.045455 0.043478 0.041667 0.040000 0.038462 0.037037 0.035714 0.034483 0.033333 0.032258 0.031250 0.030303 0.029412 0.028571 0.027778 0.027027 0.026316 0.025641 0.025000 0.024390 0.023810 0.023256 0.022727 0.022222 0.021739 0.021277 0.020833 0.020408 0.020000 0.019608 0.019231 0.018868 0.018519 0.018182 0.017857 0.017544 0.017241 0.016949 0.016667 0.016393 0.016129 0.015873 0.015625 0.015385 0.015152 0.014925 0.014706 0.014493 0.014286 0.014085 0.013889 0.013699 0.013514 0.013333 0.013158 0.012987 0.012821 0.012658 0.012500 0.012346 0.012195 0.012048 
0.052632 0.055556 0.058824 0.062500 0.066667 0.071429 0.076923 0.083333 0.090909 0.100000 0.111111 0.125000 0.142857 0.166667 0.200000 0.250000 0.333333 0.500000 101.000000 0.500000 0.333333 0.250000 0.200000 0.166667 0.142857 0.125000 0.111111 0.100000 0.090909 0.083333 0.076923 0.071429 0.066667 0.062500 0.058824 0.055556 0.052632 0.050000 0.047619 0.045455 0.043478 0.041667 0.040000 0.038462 0.037037 0.035714 0.034483 0.033333 0.032258 0.031250 0.030303 0.029412 0.028571 0.027778 0.027027 0.026316 0.025641 0.025000 0.024390 0.023810 0.023256 0.022727 0.022222 0.021739 0.021277 0.020833 0.020408 0.020000 0.019608 0.019231 0.018868 0.018519 0.018182 0.017857 0.017544 0.017241 0.016949 0.016667 0.016393 0.016129 0.015873 0.015625 0.015385 0.015152 0.014925 0.014706 0.014493 0.014286 0.014085 0.013889 0.013699 0.013514 0.013333 0.013158 0.012987 0.012821 0.012658 0.012500 0.012346 0.012195 
0.050000 0.052632 0.055556 0.058824 0.062500 0.066667 0.071429 0.076923 0.083333 0.090909 0.100000 0.111111 0.125000 0.142857 0.166667 0.200000 0.250000 0.333333 0.500000 101.000000 0.500000 0.333333 0.250000 0.200000 0.166667 0.142857 0.125000 0.111111 0.100000 0.090909 0.083333 0.076923 0.071429 0.066667 0.062500 0.058824 0.055556 0.052632 0.050000 0.047619 0.045455 0.043478 0.041667 0.040000 0.038462 0.037037 0.035714 0.034483 0.033333 0.032258 0.031250 0.030303 0.029412 0.028571 0.027778 0.027027 0.026316 0.025641 0.025000 0.024390 0.023810 0.023256 0.022727 0.022222 0.021739 0.021277 0.020833 0.020408 0.020000 0.019608 0.019231 0.018868 0.018519 0.018182 0.017857 0.017544 0.017241 0.016949 0.016667 0.016393 0.016129 0.015873 0.015625 0.015385 0.015152 0.014925 0.014706 0.014493 0.014286 0.014085 0.013889 0.013699 0.013514 0.013333 0.013158 0.012987 0.012821 0.012658 0.012500 0.012346 
0.047619 0.050000 0.052632 0.055556 0.058824 0.062500 0.066667 0.071429 0.076923 0.083333 0.090909 0.100000 0.111111 0.125000 0.142857 0.166667 0.200000 0.250000 0.333333 0.500000 101.000000 0.500000 0.333333 0.250000 0.200000 0.166667 0.142857 0.125000 0.111111 0.100000 0.090909 0.083333 0.076923 0.071429 0.066667 0.062500 0.058824 0.055556 0.052632 0.050000 0.047619 0.045455 0.043478 0.041667 0.040000 0.038462 0.037037 0.035714 0.034483 0.033333 0.032258 0.031250 0.030303 0.029412 0.028571 0.027778 0.027027 0.026316 0.025641 0.025000 0.024390 0.023810 0.023256 0.022727 0.022222 0.021739 0.021277 0.020833 0.020408 0.020000 0.019608 0.019231 0.018868 0.018519 0.018182 0.017857 0.017544 0.017241 0.016949 0.016667 0.016393 0.016129 0.015873 0.015625 0.015385 0.015152 0.014925 0.014706 0.014493 0.014286 0.014085 0.013889 0.013699 0.013514 0.013333 0.013158 0.012987 0.012821 0.012658 0.012500 
0.045455 0.047619 0.050000 0.052632 0.055556 0.058824 0.062500 0.066667 0.071429 0.076923 0.083333 0.090909 0.100000 0.111111 0.125000 0.142857 0.166667 0.200000 0.250000 0.333333 0.500000 101.000000 0.500000 0.333333 0.250000 0.200000 0.166667 0.142857 0.125000 0.111111 0.100000 0.090909 0.083333 0.076923 0.071429 0.066667 0.062500 0.058824 0.055556 0.052632 0.050000 0.047619 0.045455 0.043478 0.041667 0.040000 0.038462 0.037037 0.035714 0.034483 0.033333 0.032258 0.031250 0.030303 0.029412 0.028571 0.027778 0.027027 0.026316 0.025641 0.025000 0.024390 0.023810 0.023256 0.022727 0.022222 0.021739 0.021277 0.020833 0.020408 0.020000 0.019608 0.019231 0.018868 0.018519 0.018182 0.017857 0.017544 0.017241 0.016949 0.016667 0.016393 0.016129 0.015873 0.015625 0.015385 0.015152 0.014925 0.014706 0.014493 0.014286 0.014085 0.013889 0.013699 0.013514 0.013333 0.013158 0.012987 0.012821 0.012658 
0.043478 0.045455 0.047619 0.050000 0.052632 0.055556 0.058824 0.062500 0.066667 0.071429 0.076923 0.083333 0.090909 0.100000 0.111111 0.125000 0.142857 0.166667 0.200000 0.250000 0.333333 0.500000 101.000000 0.500000 0.333333 0.250000 0.200000 0.166667 0.142857 0.125000 0.111111 0.100000 0.090909 0.083333 0.076923 0.071429 0.066667 0.062500 0.058824 0.055556 0.052632 0.050000 0.047619 0.045455 0.043478 0.041667 0.040000 0.038462 0.037037 0.035714 0.034483 0.033333 0.032258 0.031250 0.030303 0.029412 0.028571 0.027778 0.027027 0.026316 0.025641 0.025000 0.024390 0.023810 0.023256 0.022727 0.022222 0.021739 0.021277 0.020833 0.020408 0.020000 0.019608 0.019231 0.018868 0.018519 0.018182 0.017857 0.017544 0.017241 0.016949 0.016667 0.016393 0.016129 0.015873 0.015625 0.015385 0.015152 0.014925 0.014706 0.014493 0.014286 0.014085 0.013889 0.013699 0.013514 0.013333 0.013158 0.012987 0.012821 
0.041667 0.043478 0.045455 0.047619 0.050000 0.052632 0.055556 0.058824 0.062500 0.066667 0.071429 0.076923 0.083333 0.090909 0.100000 0.111111 0.125000 0.142857 0.166667 0.200000 0.250000 0.333333 0.500000 101.000000 0.500000 0.333333 0.250000 0.200000 0.166667 0.142857 0.125000 0.111111 0.100000 0.090909 0.083333 0.076923 0.071429 0.066667 0.062500 0.058824 0.055556 0.052632 0.050000 0.047619 0.045455 0.043478 0.041667 0.040000 0.038462 0.037037 0.035714 0.034483 0.033333 0.032258 0.031250 0.030303 0.029412 0.028571 0.027778 0.027027 0.026316 0.025641 0.025000 0.024390 0.023810 0.023256 0.022727 0.022222 0.021739 0.021277 0.020833 0.020408 0.020000 0.019608 0.019231 0.018868 0.018519 0.018182 0.017857 0.017544 0.017241 0.016949 0.016667 0.016393 0.016129 0.015873 0.015625 0.015385 0.015152 0.014925 0.014706 0.014493 0.014286 0.014085 0.013889 0.013699 0.013514 0.013333 0.013158 0.012987 
0.040000 0.041667 0.043478 0.045455 0.047619 0.050000 0.052632 0.055556 0.058824 0.062500 0.066667 0.071429 0.076923 0.083333 0.090909 0.100000 0.111111 0.125000 0.142857 0.166667 0.200000 0.250000 0.333333 0.500000 101.000000 0.500000 0.333333 0.250000 0.200000 0.166667 0.142857 0.125000 0.111111 0.100000 0.090909 0.083333 0.076923 0.071429 0.066667 0.062500 0.058824 0.055556 0.052632 0.050000 0.047619 0.045455 0.043478 0.041667 0.040000 0.038462 0.037037 0.035714 0.034483 0.033333 0.032258 0.031250 0.030303 0.029412 0.028571 0.027778 0.027027 0.026316 0.025641 0.025000 0.024390 0.023810 0.023256 0.022727 0.022222 0.021739 0.021277 0.020833 0.020408 0.020000 0.019608 0.019231 0.018868 0.018519 0.018182 0.017857 0.017544 0.017241 0.016949 0.016667 0.016393 0.016129 0.015873 0.015625 0.015385 0.015152 0.014925 0.014706 0.014493 0.014286 0.014085 0.013889 0.013699 0.013514 0.013333 0.013158 
0.038462 0.040000 0.041667 0.043478 0.045455 0.047619 0.050000 0.052632 0.055556 0.058824 0.062500 0.066667 0.071429 0.076923 0.083333 0.090909 0.100000 0.111111 0.125000 0.142857 0.166667 0.200000 0.250000 0.333333 0.500000 101.000000 0.500000 0.333333 0.250000 0.200000 0.166667 0.142857 0.125000 0.111111 0.100000 0.090909 0.083333 0.076923 0.071429 0.066667 0.062500 0.058824 0.055556 0.052632 0.050000 0.047619 0.045455 0.043478 0.041667 0.040000 0.038462 0.037037 0.035714 0.034483 0.033333 0.032258 0.031250 0.030303 0.029412 0.028571 0.027778 0.027027 0.026316 0.025641 0.025000 0.024390 0.023810 0.023256 0.022727 0.022222 0.021739 0.021277 0.020833 0.020408 0.020000 0.019608 0.019231 0.018868 0.018519 0.018182 0.017857 0.017544 0.017241 0.016949 0.016667 0.016393 0.016129 0.015873 0.015625 0.015385 0.015152 0.014925 0.014706 0.014493 0.014286 0.014085 0.013889 0.013699 0.013514 0.013333 
0.037037 0.038462 0.040000 0.041667 0.043478 0.045455 0.047619 0.050000 0.052632 0.055556 0.058824 0.062500 0.066667 0.071429 0.076923 0.083333 0.090909 0.100000 0.111111 0.125000 0.142857 0.166667 0.200000 0.250000 0.333333 0.500000 101.000000 0.500000 0.333333 0.250000 0.200000 0.166667 0.142857 0.125000 0.111111 0.100000 0.090909 0.083333 0.076923 0.071429 0.066667 0.062500 0.058824 0.055556 0.052632 0.050000 0.047619 0.045455 0.043478 0.041667 0.040000 0.038462 0.037037 0.035714 0.034483 0.033333 0.032258 0.031250 0.030303 0.029412 0.028571 0.027778 0.027027 0.026316 0.025641 0.025000 0.024390 0.023810 0.023256 0.022727 0.022222 0.021739 0.021277 0.020833 0.020408 0.020000 0.019608 0.019231 0.018868 0.018519 0.018182 0.017857 0.017544 0.017241 0.016949 0.016667 0.016393 0.016129 0.015873 0.015625 0.015385 0.015152 0.014925 0.014706 0.014493 0.014286 0.014085 0.013889 0.013699 0.013514 
0.035714 0.037037 0.038462 0.040000 0.041667 0.043478 0.045455 0.047619 0.050000 0.052632 0.055556 0.058824 0.062500 0.066667 0.071429 0.076923 0.083333 0.090909 0.100000 0.111111 0.125000 0.142857 0.166667 0.200000 0.250000 0.333333 0.500000 101.000000 0.500000 0.333333 0.250000 0.200000 0.166667 0.142857 0.125000 0.111111 0.100000 0.090909 0.083333 0.076923 0.071429 0.066667 0.062500 0.058824 0.055556 0.052632 0.050000 0.047619 0.045455 0.043478 0.041667 0.040000 0.038462 0.037037 0.035714 0.034483 0.033333 0.032258 0.031250 0.030303 0.029412 0.028571 0.027778 0.027027 0.026316 0.025641 0.025000 0.024390 0.023810 0.023256 0.022727 0.022222 0.021739 0.021277 0.020833 0.020408 0.020000 0.019608 0.019231 0.018868 0.018519 0.018182 0.017857 0.017544 0.017241 0.016949 0.016667 0.016393 0.016129 0.015873 0.015625 0.015385 0.015152 0.014925 0.014706 0.014493 0.014286 0.014085 0.013889 0.013699 
0.034483 0.035714 0.037037 0.038462 0.040000 0.041667 0.043478 0.045455 0.047619 0.050000 0.052632 0.055556 0.058824 0.062500 0.066667 0.071429 0.076923 0.083333 0.090909 0.100000 0.111111 0.125000 0.142857 0.166667 0.200000 0.250000 0.333333 0.500000 101.000000 0.500000 0.333333 0.250000 0.200000 0.166667 0.142857 0.125000 0.111111 0.100000 0.090909 0.083333 0.076923 0.071429 0.066667 0.062500 0.058824 0.055556 0.052632 0.050000 0.047619 0.045455 0.043478 0.041667 0.040000 0.038462 0.037037 0.035714 0.034483 0.033333 0.032258 0.031250 0.030303 0.029412 0.028571 0.027778 0.027027 0.026316 0.025641 0.025000 0.024390 0.023810 0.023256 0.022727 0.022222 0.021739 0.021277 0.020833 0.020408 0.020000 0.019608 0.019231 0.018868 0.018519 0.018182 0.017857 0.017544 0.017241 0.016949 0.016667 0.016393 0.016129 0.015873 0.015625 0.015385 0.015152 0.014925 0.014706 0.014493 0.014286 0.014085 0.013889 
0.033333 0.034483 0.035714 0.037037 0.038462 0.040000 0.041667 0.043478 0.045455 0.047619 0.050000 0.052632 0.055556 0.058824 0.062500 0.066667 0.071429 0.076923 0.083333 0.090909 0.100000 0.111111 0.125000 0.142857 0.166667 0.200000 0.250000 0.333333 0.500000 101.000000 0.500000 0.333333 0.250000 0.200000 0.166667 0.142857 0.125000 0.111111 0.100000 0.090909 0.083333 0.076923 0.071429 0.066667 0.062500 0.058824 0.055556 0.052632 0.050000 0.047619 0.045455 0.043478 0.041667 0.040000 0.038462 0.037037 0.035714 0.034483 0.033333 0.032258 0.031250 0.030303 0.029412 0.028571 0.027778 0.027027 0.026316 0.025641 0.025000 0.024390 0.023810 0.023256 0.022727 0.022222 0.021739 0.021277 0.020833 0.020408 0.020000 0.019608 0.019231 0.018868 0.018519 0.018182 0.017857 0.017544 0.017241 0.016949 0.016667 0.016393 0.016129 0.015873 0.015625 0.015385 0.015152 0.014925 0.014706 0.014493 0.014286 0.014085 
0.032258 0.033333 0.034483 0.035714 0.037037 0.038462 0.040000 0.041667 0.043478 0.045455 0.047619 0.050000 0.052632 0.055556 0.058824 0.062500 0.066667 0.071429 0.076923 0.083333 0.090909 0.100000 0.111111 0.125000 0.142857 0.166667 0.200000 0.250000 0.333333 0.500000 101.000000 0.500000 0.333333 0.250000 0.200000 0.166667 0.142857 0.125000 0.111111 0.100000 0.090909 0.083333 0.076923 0.071429 0.066667 0.062500 0.058824 0.055556 0.052632 0.050000 0.047619 0.045455 0.043478 0.041667 0.040000 0.038462 0.037037 0.035714 0.034483 0.033333 0.032258 0.031250 0.030303 0.029412 0.028571 0.027778 0.027027 0.026316 0.025641 0.025000 0.024390 0.023810 0.023256 0.022727 0.022222 0.021739 0.021277 0.020833 0.020408 0.020000 0.019608 0.019231 0.018868 0.018519 0.018182 0.017857 0.017544 0.017241 0.016949 0.016667 0.016393 0.016129 0.015873 0.015625 0.015385 0.015152 0.014925 0.014706 0.014493 0.014286 
0.031250 0.032258 0.033333 0.034483 0.035714 0.037037 0.038462 0.040000 0.041667 0.043478 0.045455 0.047619 0.050000 0.052632 0.055556 0.058824 0.062500 0.066667 0.071429 0.076923 0.083333 0.090909 0.100000 0.111111 0.125000 0.142857 0.166667 0.200000 0.250000 0.333333 0.500000 101.000000 0.500000 0.333333 0.250000 0.200000 0.166667 0.142857 0.125000 0.111111 0.100000 0.090909 0.083333 0.076923 0.071429 0.066667 0.062500 0.058824 0.055556 0.052632 0.050000 0.047619 0.045455 0.043478 0.041667 0.040000 0.038462 0.037037 0.035714 0.034483 0.033333 0.032258 0.031250 0.030303 0.029412 0.028571 0.027778 0.027027 0.026316 0.025641 0.025000 0.024390 0.023810 0.023256 0.022727 0.022222 0.021739 0.021277 0.020833 0.020408 0.020000 0.019608 0.019231 0.018868 0.018519 0.018182 0.017857 0.017544 0.017241 0.016949 0.016667 0.016393 0.016129 0.015873 0.015625 0.015385 0.015152 0.014925 0.014706 0.014493 
0.030303 0.031250 0.032258 0.033333 0.034483 0.035714 0.037037 0.038462 0.040000 0.041667 0.043478 0.045455 0.047619 0.050000 0.052632 0.055556 0.058824 0.062500 0.066667 0.071429 0.076923 0.083333 0.090909 0.100000 0.111111 0.125000 0.142857 0.166667 0.200000 0.250000 0.333333 0.500000 101.000000 0.500000 0.333333 0.250000 0.200000 0.166667 0.142857 0.125000 0.111111 0.100000 0.090909 0.083333 0.076923 0.071429 0.066667 0.062500 0.058824 0.055556 0.052632 0.050000 0.047619 0.045455 0.043478 0.041667 0.040000 0.038462 0.037037 0.035714 0.034483 0.033333 0.032258 0.031250 0.030303 0.029412 0.028571 0.027778 0.027027 0.026316 0.025641 0.025000 0.024390 0.023810 0.023256 0.022727 0.022222 0.021739 0.021277 0.020833 0.020408 0.020000 0.019608 0.019231 0.018868 0.018519 0.018182 0.017857 0.017544 0.017241 0.016949 0.016667 0.016393 0.016129 0.015873 0.015625 0.015385 0.015152 0.014925 0.014706 
0.029412 0.030303 0.031250 0.032258 0.033333 0.034483 0.035714 0.037037 0.038462 0.040000 0.041667 0.043478 0.045455 0.047619 0.050000 0.052632 0.055556 0.058824 0.062500 0.066667 0.071429 0.076923 0.083333 0.090909 0.100000 0.111111 0.125000 0.142857 0.166667 0.200000 0.250000 0.333333 0.500000 101.000000 0.500000 0.333333 0.250000 0.200000 0.166667 0.142857 0.125000 0.111111 0.100000 0.090909 0.083333 0.076923 0.071429 0.066667 0.062500 0.058824 0.055556 0.052632 0.050000 0.047619 0.045455 0.043478 0.041667 0.040000 0.038462 0.037037 0.035714 0.034483 0.033333 0.032258 0.031250 0.030303 0.029412 0.028571 0.027778 0.027027 0.026316 0.025641 0.025000 0.024390 0.023810 0.023256 0.022727 0.022222 0.021739 0.021277 0.020833 0.020408 0.020000 0.019608 0.019231 0.018868 0.018519 0.018182 0.017857 0.017544 0.017241 0.016949 0.016667 0.016393 0.016129 0.015873 0.015625 0.015385 0.015152 0.014925 
0.028571 0.029412 0.030303 0.031250 0.032258 0.033333 0.034483 0.035714 0.037037 0.038462 0.040000 0.041667 0.043478 0.045455 0.047619 0.050000 0.052632 0.055556 0.058824 0.062500 0.066667 0.071429 0.076923 0.083333 0.090909 0.100000 0.111111 0.125000 0.142857 0.166667 0.200000 0.250000 0.333333 0.500000 101.000000 0.500000 0.333333 0.250000 0.200000 0.166667 0.142857 0.125000 0.111111 0.100000 0.090909 0.083333 0.076923 0.071429 0.066667 0.062500 0.058824 0.055556 0.052632 0.050000 0.047619 0.045455 0.043478 0.041667 0.040000 0.038462 0.037037 0.035714 0.034483 0.033333 0.032258 0.031250 0.030303 0.029412 0.028571 0.027778 0.027027 0.026316 0.025641 0.025000 0.024390 0.023810 0.023256 0.022727 0.022222 0.021739 0.021277 0.020833 0.020408 0.020000 0.019608 0.019231 0.018868 0.018519 0.018182 0.017857 0.017544 0.017241 0.016949 0.016667 0.016393 0.016129 0.015873 0.015625 0.015385 0.015152 
0.027778 0.028571 0.029412 0.030303 0.031250 0.032258 0.033333 0.034483 0.035714 0.037037 0.038462 0.040000 0.041667 0.043478 0.045455 0.047619 0.050000 0.052632 0.055556 0.058824 0.062500 0.066667 0.071429 0.076923 0.083333 0.090909 0.100000 0.111111 0.125000 0.142857 0.166667 0.200000 0.250000 0.333333 0.500000 101.000000 0.500000 0.333333 0.250000 0.200000 0.166667 0.142857 0.125000 0.111111 0.100000 0.090909 0.083333 0.076923 0.071429 0.066667 0.062500 0.058824 0.055556 0.052632 0.050000 0.047619 0.045455 0.043478 0.041667 0.040000 0.038462 0.037037 0.035714 0.034483 0.033333 0.032258 0.031250 0.030303 0.029412 0.028571 0.027778 0.027027 0.026316 0.025641 0.025000 0.024390 0.023810 0.023256 0.022727 0.022222 0.021739 0.021277 0.020833 0.020408 0.020000 0.019608 0.019231 0.018868 0.018519 0.018182 0.017857 0.017544 0.017241 0.016949 0.016667 0.016393 0.016129 0.015873 0.015625 0.015385 
0.027027 0.027778 0.028571 0.029412 0.030303 0.031250 0.032258 0.033333 0.034483 0.035714 0.037037 0.038462 0.040000 0.041667 0.043478 0.045455 0.047619 0.050000 0.052632 0.055556 0.058824 0.062500 0.066667 0.071429 0.076923 0.083333 0.090909 0.100000 0.111111 0.125000 0.142857 0.166667 0.200000 0.250000 0.333333 0.500000 101.000000 0.500000 0.333333 0.250000 0.200000 0.166667 0.142857 0.125000 0.111111 0.100000 0.090909 0.083333 0.076923 0.071429 0.066667 0.062500 0.058824 0.055556 0.052632 0.050000 0.047619 0.045455 0.043478 0.041667 0.040000 0.038462 0.037037 0.035714 0.034483 0.033333 0.032258 0.031250 0.030303 0.029412 0.028571 0.027778 0.027027 0.026316 0.025641 0.025000 0.024390 0.023810 0.023256 0.022727 0.022222 0.021739 0.021277 0.020833 0.020408 0.020000 0.019608 0.019231 0.018868 0.018519 0.018182 0.017857 0.017544 0.017241 0.016949 0.016667 0.016393 0.016129 0.015873 0.015625 
0.026316 0.027027 0.027778 0.028571 0.029412 0.030303 0.031250 0.032258 0.033333 0.034483 0.035714 0.037037 0.038462 0.040000 0.041667 0.043478 0.045455 0.047619 0.050000 0.052632 0.055556 0.058824 0.062500 0.066667 0.071429 0.076923 0.083333 0.090909 0.100000 0.111111 0.125000 0.142857 0.166667 0.200000 0.250000 0.333333 0.500000 101.000000 0.500000 0.333333 0.250000 0.200000 0.166667 0.142857 0.125000 0.111111 0.100000 0.090909 0.083333 0.076923 0.071429 0.066667 0.062500 0.058824 0.055556 0.052632 0.050000 0.047619 0.045455 0.043478 0.041667 0.040000 0.038462 0.037037 0.035714 0.034483 0.033333 0.032258 0.031250 0.030303 0.029412 0.028571 0.027778 0.027027 0.026316 0.025641 0.025000 0.024390 0.023810 0.023256 0.022727 0.022222 0.021739 0.021277 0.020833 0.020408 0.020000 0.019608 0.019231 0.018868 0.018519 0.018182 0.017857 0.017544 0.017241 0.016949 0.016667 0.016393 0.016129 0.015873 
0.025641 0.026316 0.027027 0.027778 0.028571 0.029412 0.030303 0.031250 0.032258 0.033333 0.034483 0.035714 0.037037 0.038462 0.040000 0.041667 0.043478 0.045455 0.047619 0.050000 0.052632 0.055556 0.058824 0.062500 0.066667 0.071429 0.076923 0.083333 0.090909 0.100000 0.111111 0.125000 0.142857 0.166667 0.200000 0.250000 0.333333 0.500000 101.000000 0.500000 0.333333 0.250000 0.200000 0.166667 0.142857 0.125000 0.111111 0.100000 0.090909 0.083333 0.076923 0.071429 0.066667 0.062500 0.058824 0.055556 0.052632 0.050000 0.047619 0.045455 0.043478 0.041667 0.040000 0.038462 0.037037 0.035714 0.034483 0.033333 0.032258 0.031250 0.030303 0.029412 0.028571 0.027778 0.027027 0.026316 0.025641 0.025000 0.024390 0.023810 0.023256 0.022727 0.022222 0.021739 0.021277 0.020833 0.020408 0.020000 0.019608 0.019231 0.018868 0.018519 0.018182 0.017857 0.017544 0.017241 0.016949 0.016667 0.016393 0.016129 
0.025000 0.025641 0.026316 0.027027 0.027778 0.028571 0.029412 0.030303 0.031250 0.032258 0.033333 0.034483 0.035714 0.037037 0.038462 0.040000 0.041667 0.043478 0.045455 0.047619 0.050000 0.052632 0.055556 0.058824 0.062500 0.066667 0.071429 0.076923 0.083333 0.090909 0.100000 0.111111 0.125000 0.142857 0.166667 0.200000 0.250000 0.333333 0.500000 101.000000 0.500000 0.333333 0.250000 0.200000 0.166667 0.142857 0.125000 0.111111 0.100000 0.090909 0.083333 0.076923 0.071429 0.066667 0.062500 0.058824 0.055556 0.052632 0.050000 0.047619 0.045455 0.043478 0.041667 0.040000 0.038462 0.037037 0.035714 0.034483 0.033333 0.032258 0.031250 0.030303 0.029412 0.028571 0.027778 0.027027 0.026316 0.025641 0.025000 0.024390 0.023810 0.023256 0.022727 0.022222 0.021739 0.021277 0.020833 0.020408 0.020000 0.019608 0.019231 0.018868 0.018519 0.018182 0.017857 0.017544 0.017241 0.016949 0.016667 0.016393 
0.024390 0.025000 0.025641 0.026316 0.027027 0.027778 0.028571 0.029412 0.030303 0.031250 0.032258 0.033333 0.034483 0.035714 0.037037 0.038462 0.040000 0.041667 0.043478 0.045455 0.047619 0.050000 0.052632 0.055556 0.058824 0.062500 0.066667 0.071429 0.076923 0.083333 0.090909 0.100000 0.111111 0.125000 0.142857 0.166667 0.200000 0.250000 0.333333 0.500000 101.000000 0.500000 0.333333 0.250000 0.200000 0.166667 0.142857 0.125000 0.111111 0.100000 0.090909 0.083333 0.076923 0.071429 0.066667 0.062500 0.058824 0.055556 0.052632 0.050000 0.047619 0.045455 0.043478 0.041667 0.040000 0.038462 0.037037 0.035714 0.034483 0.033333 0.032258 0.031250 0.030303 0.029412 0.028571 0.027778 0.027027 0.026316 0.025641 0.025000 0.024390 0.023810 0.023256 0.022727 0.022222 0.021739 0.021277 0.020833 0.020408 0.020000 0.019608 0.019231 0.018868 0.018519 0.018182 0.017857 0.017544 0.017241 0.016949 0.016667 
0.023810 0.024390 0.025000 0.025641 0.026316 0.027027 0.027778 0.028571 0.029412 0.030303 0.031250 0.032258 0.033333 0.034483 0.035714 0.037037 0.038462 0.040000 0.041667 0.043478 0.045455 0.047619 0.050000 0.052632 0.055556 0.058824 0.062500 0.066667 0.071429 0.076923 0.083333 0.090909 0.100000 0.111111 0.125000 0.142857 0.166667 0.200000 0.250000 0.333333 0.500000 101.000000 0.500000 0.333333 0.250000 0.200000 0.166667 0.142857 0.125000 0.111111 0.100000 0.090909 0.083333 0.076923 0.071429 0.066667 0.062500 0.058824 0.055556 0.052632 0.050000 0.047619 0.045455 0.043478 0.041667 0.040000 0.038462 0.037037 0.035714 0.034483 0.033333 0.032258 0.031250 0.030303 0.029412 0.028571 0.027778 0.027027 0.026316 0.025641 0.025000 0.024390 0.023810 0.023256 0.022727 0.022222 0.021739 0.021277 0.020833 0.020408 0.020000 0.019608 0.019231 0.018868 0.018519 0.018182 0.017857 0.017544 0.017241 0.016949 
0.023256 0.023810 0.024390 0.025000 0.025641 0.026316 0.027027 0.027778 0.028571 0.029412 0.030303 0.031250 0.032258 0.033333 0.034483 0.035714 0.037037 0.038462 0.040000 0.041667 0.043478 0.045455 0.047619 0.050000 0.052632 0.055556 0.058824 0.062500 0.066667 0.071429 0.076923 0.083333 0.090909 0.100000 0.111111 0.125000 0.142857 0.166667 0.200000 0.250000 0.333333 0.500000 101.000000 0.500000 0.333333 0.250000 0.200000 0.166667 0.142857 0.125000 0.111111 0.100000 0.090909 0.083333 0.076923 0.071429 0.066667 0.062500 0.058824 0.055556 0.052632 0.050000 0.047619 0.045455 0.043478 0.041667 0.040000 0.038462 0.037037 0.035714 0.034483 0.033333 0.032258 0.031250 0.030303 0.029412 0.028571 0.027778 0.027027 0.026316 0.025641 0.025000 0.024390 0.023810 0.023256 0.022727 0.022222 0.021739 0.021277 0.020833 0.020408 0.020000 0.019608 0.019231 0.018868 0.018519 0.018182 0.017857 0.017544 0.017241 
0.022727 0.023256 0.023810 0.024390 0.025000 0.025641 0.026316 0.027027 0.027778 0.028571 0.029412 0.030303 0.031250 0.032258 0.033333 0.034483 0.035714 0.037037 0.038462 0.040000 0.041667 0.043478 0.045455 0.047619 0.050000 0.052632 0.055556 0.058824 0.062500 0.066667 0.071429 0.076923 0.083333 0.090909 0.100000 0.111111 0.125000 0.142857 0.166667 0.200000 0.250000 0.333333 0.500000 101.000000 0.500000 0.333333 0.250000 0.200000 0.166667 0.142857 0.125000 0.111111 0.100000 0.090909 0.083333 0.076923 0.071429 0.066667 0.062500 0.058824 0.055556 0.052632 0.050000 0.047619 0.045455 0.043478 0.041667 0.040000 0.038462 0.037037 0.035714 0.034483 0.033333 0.032258 0.031250 0.030303 0.029412 0.028571 0.027778 0.027027 0.026316 0.025641 0.025000 0.024390 0.023810 0.023256 0.022727 0.022222 0.021739 0.021277 0.020833 0.020408 0.020000 0.019608 0.019231 0.018868 0.018519 0.018182 0.017857 0.017544 
0.022222 0.022727 0.023256 0.023810 0.024390 0.025000 0.025641 0.026316 0.027027 0.027778 0.028571 0.029412 0.030303 0.031250 0.032258 0.033333 0.034483 0.035714 0.037037 0.038462 0.040000 0.041667 0.043478 0.045455 0.047619 0.050000 0.052632 0.055556 0.058824 0.062500 0.066667 0.071429 0.076923 0.083333 0.090909 0.100000 0.111111 0.125000 0.142857 0.166667 0.200000 0.250000 0.333333 0.500000 101.000000 0.500000 0.333333 0.250000 0.200000 0.166667 0.142857 0.125000 0.111111 0.100000 0.090909 0.083333 0.076923 0.071429 0.066667 0.062500 0.058824 0.055556 0.052632 0.050000 0.047619 0.045455 0.043478 0.041667 0.040000 0.038462 0.037037 0.035714 0.034483 0.033333 0.032258 0.031250 0.030303 0.029412 0.028571 0.027778 0.027027 0.026316 0.025641 0.025000 0.024390 0.023810 0.023256 0.022727 0.022222 0.021739 0.021277 0.020833 0.020408 0.020000 0.019608 0.019231 0.018868 0.018519 0.018182 0.017857 
0.021739 0.022222 0.022727 0.023256 0.023810 0.024390 0.025000 0.025641 0.026316 0.027027 0.027778 0.028571 0.029412 0.030303 0.031250 0.032258 0.033333 0.034483 0.035714 0.037037 0.038462 0.040000 0.041667 0.043478 0.045455 0.047619 0.050000 0.052632 0.055556 0.058824 0.062500 0.066667 0.071429 0.076923 0.083333 0.090909 0.100000 0.111111 0.125000 0.142857 0.166667 0.200000 0.250000 0.333333 0.500000 101.000000 0.500000 0.333333 0.250000 0.200000 0.166667 0.142857 0.125000 0.111111 0.100000 0.090909 0.083333 0.076923 0.071429 0.066667 0.062500 0.058824 0.055556 0.052632 0.050000 0.047619 0.045455 0.043478 0.041667 0.040000 0.038462 0.037037 0.035714 0.034483 0.033333 0.032258 0.031250 0.030303 0.029412 0.028571 0.027778 0.027027 0.026316 0.025641 0.025000 0.024390 0.023810 0.023256 0.022727 0.022222 0.021739 0.021277 0.020833 0.020408 0.020000 0.019608 0.019231 0.018868 0.018519 0.018182 
0.021277 0.021739 0.022222 0.022727 0.023256 0.023810 0.024390 0.025000 0.025641 0.026316 0.027027 0.027778 0.028571 0.029412 0.030303 0.031250 0.032258 0.033333 0.034483 0.035714 0.037037 0.038462 0.040000 0.041667 0.043478 0.045455 0.047619 0.050000 0.052632 0.055556 0.058824 0.062500 0.066667 0.071429 0.076923 0.083333 0.090909 0.100000 0.111111 0.125000 0.142857 0.166667 0.200000 0.250000 0.333333 0.500000 101.000000 0.500000 0.333333 0.250000 0.200000 0.166667 0.142857 0.125000 0.111111 0.100000 0.090909 0.083333 0.076923 0.071429 0.066667 0.062500 0.058824 0.055556 0.052632 0.050000 0.047619 0.045455 0.043478 0.041667 0.040000 0.038462 0.037037 0.035714 0.034483 0.033333 0.032258 0.031250 0.030303 0.029412 0.028571 0.027778 0.027027 0.026316 0.025641 0.025000 0.024390 0.023810 0.023256 0.022727 0.022222 0.021739 0.021277 0.020833 0.020408 0.020000 0.019608 0.019231 0.018868 0.018519 
0.020833 0.021277 0.021739 0.022222 0.022727 0.023256 0.023810 0.024390 0.025000 0.025641 0.026316 0.027027 0.027778 0.028571 0.029412 0.030303 0.031250 0.032258 0.033333 0.034483 0.035714 0.037037 0.038462 0.040000 0.041667 0.043478 0.045455 0.047619 0.050000 0.052632 0.055556 0.058824 0.062500 0.066667 0.071429 0.076923 0.083333 0.090909 0.100000 0.111111 0.125000 0.142857 0.166667 0.200000 0.250000 0.333333 0.500000 101.000000 0.500000 0.333333 0.250000 0.200000 0.166667 0.142857 0.125000 0.111111 0.100000 0.090909 0.083333 0.076923 0.071429 0.066667 0.062500 0.058824 0.055556 0.052632 0.050000 0.047619 0.045455 0.043478 0.041667 0.040000 0.038462 0.037037 0.035714 0.034483 0.033333 0.032258 0.031250 0.030303 0.029412 0.028571 0.027778 0.027027 0.026316 0.025641 0.025000 0.024390 0.023810 0.023256 0.022727 0.022222 0.021739 0.021277 0.020833 0.020408 0.020000 0.019608 0.019231 0.018868 
0.020408 0.020833 0.021277 0.021739 0.022222 0.022727 0.023256 0.023810 0.024390 0.025000 0.025641 0.026316 0.027027 0.027778 0.028571 0.029412 0.030303 0.031250 0.032258 0.033333 0.034483 0.035714 0.037037 0.038462 0.040000 0.041667 0.043478 0.045455 0.047619 0.050000 0.052632 0.055556 0.058824 0.062500 0.066667 0.071429 0.076923 0.083333 0.090909 0.100000 0.111111 0.125000 0.142857 0.166667 0.200000 0.250000 0.333333 0.500000 101.000000 0.500000 0.333333 0.250000 0.200000 0.166667 0.142857 0.125000 0.111111 0.100000 0.090909 0.083333 0.076923 0.071429 0.066667 0.062500 0.058824 0.055556 0.052632 0.050000 0.047619 0.045455 0.043478 0.041667 0.040000 0.038462 0.037037 0.035714 0.034483 0.033333 0.032258 0.031250 0.030303 0.029412 0.028571 0.027778 0.027027 0.026316 0.025641 0.025000 0.024390 0.023810 0.023256 0.022727 0.022222 0.021739 0.021277 0.020833 0.020408 0.020000 0.019608 0.019231 
0.020000 0.020408 0.020833 0.021277 0.021739 0.022222 0.022727 0.023256 0.023810 0.024390 0.025000 0.025641 0.026316 0.027027 0.027778 0.028571 0.029412 0.030303 0.031250 0.032258 0.033333 0.034483 0.035714 0.037037 0.038462 0.040000 0.041667 0.043478 0.045455 0.047619 0.050000 0.052632 0.055556 0.058824 0.062500 0.066667 0.071429 0.076923 0.083333 0.090909 0.100000 0.111111 0.125000 0.142857 0.166667 0.200000 0.250000 0.333333 0.500000 101.000000 0.500000 0.333333 0.250000 0.200000 0.166667 0.142857 0.125000 0.111111 0.100000 0.090909 0.083333 0.076923 0.071429 0.066667 0.062500 0.058824 0.055556 0.052632 0.050000 0.047619 0.045455 0.043478 0.041667 0.040000 0.038462 0.037037 0.035714 0.034483 0.033333 0.032258 0.031250 0.030303 0.029412 0.028571 0.027778 0.027027 0.026316 0.025641 0.025000 0.024390 0.023810 0.023256 0.022727 0.022222 0.021739 0.021277 0.020833 0.020408 0.020000 0.019608 
0.019608 0.020000 0.020408 0.020833 0.021277 0.021739 0.022222 0.022727 0.023256 0.023810 0.024390 0.025000 0.025641 0.026316 0.027027 0.027778 0.028571 0.029412 0.030303 0.031250 0.032258 0.033333 0.034483 0.035714 0.037037 0.038462 0.040000 0.041667 0.043478 0.045455 0.047619 0.050000 0.052632 0.055556 0.058824 0.062500 0.066667 0.071429 0.076923 0.083333 0.090909 0.100000 0.111111 0.125000 0.142857 0.166667 0.200000 0.250000 0.333333 0.500000 101.000000 0.500000 0.333333 0.250000 0.200000 0.166667 0.142857 0.125000 0.111111 0.100000 0.090909 0.083333 0.076923 0.071429 0.066667 0.062500 0.058824 0.055556 0.052632 0.050000 0.047619 0.045455 0.043478 0.041667 0.040000 0.038462 0.037037 0.035714 0.034483 0.033333 0.032258 0.031250 0.030303 0.029412 0.028571 0.027778 0.027027 0.026316 0.025641 0.025000 0.024390 0.023810 0.023256 0.022727 0.022222 0.021739 0.021277 0.020833 0.020408 0.020000 
0.019231 0.019608 0.020000 0.020408 0.020833 0.021277 0.021739 0.022222 0.022727 0.023256 0.023810 0.024390 0.025000 0.025641 0.026316 0.027027 0.027778 0.028571 0.029412 0.030303 0.031250 0.032258 0.033333 0.034483 0.035714 0.037037 0.038462 0.040000 0.041667 0.043478 0.045455 0.047619 0.050000 0.052632 0.055556 0.058824 0.062500 0.066667 0.071429 0.076923 0.083333 0.090909 0.100000 0.111111 0.125000 0.142857 0.166667 0.200000 0.250000 0.333333 0.500000 101.000000 0.500000 0.333333 0.250000 0.200000 0.166667 0.142857 0.125000 0.111111 0.100000 0.090909 0.083333 0.076923 0.071429 0.066667 0.062500 0.058824 0.055556 0.052632 0.050000 0.047619 0.045455 0.043478 0.041667 0.040000 0.038462 0.037037 0.035714 0.034483 0.033333 0.032258 0.031250 0.030303 0.029412 0.028571 0.027778 0.027027 0.026316 0.025641 0.025000 0.024390 0.023810 0.023256 0.022727 0.022222 0.021739 0.021277 0.020833 0.020408 
0.018868 0.019231 0.019608 0.020000 0.020408 0.020833 0.021277 0.021739 0.022222 0.022727 0.023256 0.023810 0.024390 0.025000 0.025641 0.026316 0.027027 0.027778 0.028571 0.029412 0.030303 0.031250 0.032258 0.033333 0.034483 0.035714 0.037037 0.038462 0.040000 0.041667 0.043478 0.045455 0.047619 0.050000 0.052632 0.055556 0.058824 0.062500 0.066667 0.071429 0.076923 0.083333 0.090909 0.100000 0.111111 0.125000 0.142857 0.166667 0.200000 0.250000 0.333333 0.500000 101.000000 0.500000 0.333333 0.250000 0.200000 0.166667 0.142857 0.125000 0.111111 0.100000 0.090909 0.083333 0.076923 0.071429 0.066667 0.062500 0.058824 0.055556 0.052632 0.050000 0.047619 0.045455 0.043478 0.041667 0.040000 0.038462 0.037037 0.035714 0.034483 0.033333 0.032258 0.031250 0.030303 0.029412 0.028571 0.027778 0.027027 0.026316 0.025641 0.025000 0.024390 0.023810 0.023256 0.022727 0.022222 0.021739 0.021277 0.020833 
0.018519 0.018868 0.019231 0.019608 0.020000 0.020408 0.020833 0.021277 0.021739 0.022222 0.022727 0.023256 0.023810 0.024390 0.025000 0.025641 0.026316 0.027027 0.027778 0.028571 0.029412 0.030303 0.031250 0.032258 0.033333 0.034483 0.035714 0.037037 0.038462 0.040000 0.041667 0.043478 0.045455 0.047619 0.050000 0.052632 0.055556 0.058824 0.062500 0.066667 0.071429 0.076923 0.083333 0.090909 0.100000 0.111111 0.125000 0.142857 0.166667 0.200000 0.250000 0.333333 0.500000 101.000000 0.500000 0.333333 0.250000 0.200000 0.166667 0.142857 0.125000 0.111111 0.100000 0.090909 0.083333 0.076923 0.071429 0.066667 0.062500 0.058824 0.055556 0.052632 0.050000 0.047619 0.045455 0.043478 0.041667 0.040000 0.038462 0.037037 0.035714 0.034483 0.033333 0.032258 0.031250 0.030303 0.029412 0.028571 0.027778 0.027027 0.026316 0.025641 0.025000 0.024390 0.023810 0.023256 0.022727 0.022222 0.021739 0.021277 
0.018182 0.018519 0.018868 0.019231 0.019608 0.020000 0.020408 0.020833 0.021277 0.021739 0.022222 0.022727 0.023256 0.023810 0.024390 0.025000 0.025641 0.026316 0.027027 0.027778 0.028571 0.029412 0.030303 0.031250 0.032258 0.033333 0.034483 0.035714 0.037037 0.038462 0.040000 0.041667 0.043478 0.045455 0.047619 0.050000 0.052632 0.055556 0.058824 0.062500 0.066667 0.071429 0.076923 0.083333 0.090909 0.100000 0.111111 0.125000 0.142857 0.166667 0.200000 0.250000 0.333333 0.500000 101.000000 0.500000 0.333333 0.250000 0.200000 0.166667 0.142857 0.125000 0.111111 0.100000 0.090909 0.083333 0.076923 0.071429 0.066667 0.062500 0.058824 0.055556 0.052632 0.050000 0.047619 0.045455 0.043478 0.041667 0.040000 0.038462 0.037037 0.035714 0.034483 0.033333 0.032258 0.031250 0.030303 0.029412 0.028571 0.027778 0.027027 0.026316 0.025641 0.025000 0.024390 0.023810 0.023256 0.022727 0.022222 0.021739 
0.017857 0.018182 0.018519 0.018868 0.019231 0.019608 0.020000 0.020408 0.020833 0.021277 0.021739 0.022222 0.022727 0.023256 0.023810 0.024390 0.025000 0.025641 0.026316 0.027027 0.027778 0.028571 0.029412 0.030303 0.031250 0.032258 0.033333 0.034483 0.035714 0.037037 0.038462 0.040000 0.041667 0.043478 0.045455 0.047619 0.050000 0.052632 0.055556 0.058824 0.062500 0.066667 0.071429 0.076923 0.083333 0.090909 0.100000 0.111111 0.125000 0.142857 0.166667 0.200000 0.250000 0.333333 0.500000 101.000000 0.500000 0.333333 0.250000 0.200000 0.166667 0.142857 0.125000 0.111111 0.100000 0.090909 0.083333 0.076923 0.071429 0.066667 0.062500 0.058824 0.055556 0.052632 0.050000 0.047619 0.045455 0.043478 0.041667 0.040000 0.038462 0.037037 0.035714 0.034483 0.033333 0.032258 0.031250 0.030303 0.029412 0.028571 0.027778 0.027027 0.026316 0.025641 0.025000 0.024390 0.023810 0.023256 0.022727 0.022222 
0.017544 0.017857 0.018182 0.018519 0.018868 0.019231 0.019608 0.020000 0.020408 0.020833 0.021277 0.021739 0.022222 0.022727 0.023256 0.023810 0.024390 0.025000 0.025641 0.026316 0.027027 0.027778 0.028571 0.029412 0.030303 0.031250 0.032258 0.033333 0.034483 0.035714 0.037037 0.038462 0.040000 0.041667 0.043478 0.045455 0.047619 0.050000 0.052632 0.055556 0.058824 0.062500 0.066667 0.071429 0.076923 0.083333 0.090909 0.100000 0.111111 0.125000 0.142857 0.166667 0.200000 0.250000 0.333333 0.500000 101.000000 0.500000 0.333333 0.250000 0.200000 0.166667 0.142857 0.125000 0.111111 0.100000 0.090909 0.083333 0.076923 0.071429 0.066667 0.062500 0.058824 0.055556 0.052632 0.050000 0.047619 0.045455 0.043478 0.041667 0.040000 0.038462 0.037037 0.035714 0.034483 0.033333 0.032258 0.031250 0.030303 0.029412 0.028571 0.027778 0.027027 0.026316 0.025641 0.025000 0.024390 0.023810 0.023256 0.022727 
0.017241 0.017544 0.017857 0.018182 0.018519 0.018868 0.019231 0.019608 0.020000 0.020408 0.020833 0.021277 0.021739 0.022222 0.022727 0.023256 0.023810 0.024390 0.025000 0.025641 0.026316 0.027027 0.027778 0.028571 0.029412 0.030303 0.031250 0.032258 0.033333 0.034483 0.035714 0.037037 0.038462 0.040000 0.041667 0.043478 0.045455 0.047619 0.050000 0.052632 0.055556 0.058824 0.062500 0.066667 0.071429 0.076923 0.083333 0.090909 0.100000 0.111111 0.125000 0.142857 0.166667 0.200000 0.250000 0.333333 0.500000 101.000000 0.500000 0.333333 0.250000 0.200000 0.166667 0.142857 0.125000 0.111111 0.100000 0.090909 0.083333 0.076923 0.071429 0.066667 0.062500 0.058824 0.055556 0.052632 0.050000 0.047619 0.045455 0.043478 0.041667 0.040000 0.038462 0.037037 0.035714 0.034483 0.033333 0.032258 0.031250 0.030303 0.029412 0.028571 0.027778 0.027027 0.026316 0.025641 0.025000 0.024390 0.023810 0.023256 
0.016949 0.017241 0.017544 0.017857 0.018182 0.018519 0.018868 0.019231 0.019608 0.020000 0.020408 0.020833 0.021277 0.021739 0.022222 0.022727 0.023256 0.023810 0.024390 0.025000 0.025641 0.026316 0.027027 0.027778 0.028571 0.029412 0.030303 0.031250 0.032258 0.033333 0.034483 0.035714 0.037037 0.038462 0.040000 0.041667 0.043478 0.045455 0.047619 0.050000 0.052632 0.055556 0.058824 0.062500 0.066667 0.071429 0.076923 0.083333 0.090909 0.100000 0.111111 0.125000 0.142857 0.166667 0.200000 0.250000 0.333333 0.500000 101.000000 0.500000 0.333333 0.250000 0.200000 0.166667 0.142857 0.125000 0.111111 0.100000 0.090909 0.083333 0.076923 0.071429 0.066667 0.062500 0.058824 0.055556 0.052632 0.050000 0.047619 0.045455 0.043478 0.041667 0.040000 0.038462 0.037037 0.035714 0.034483 0.033333 0.032258 0.031250 0.030303 0.029412 0.028571 0.027778 0.027027 0.026316 0.025641 0.025000 0.024390 0.023810 
0.016667 0.016949 0.017241 0.017544 0.017857 0.018182 0.018519 0.018868 0.019231 0.019608 0.020000 0.020408 0.020833 0.021277 0.021739 0.022222 0.022727 0.023256 0.023810 0.024390 0.025000 0.025641 0.026316 0.027027 0.027778 0.028571 0.029412 0.030303 0.031250 0.032258 0.033333 0.034483 0.035714 0.037037 0.038462 0.040000 0.041667 0.043478 0.045455 0.047619 0.050000 0.052632 0.055556 0.058824 0.062500 0.066667 0.071429 0.076923 0.083333 0.090909 0.100000 0.111111 0.125000 0.142857 0.166667 0.200000 0.250000 0.333333 0.500000 101.000000 0.500000 0.333333 0.250000 0.200000 0.166667 0.142857 0.125000 0.111111 0.100000 0.090909 0.083333 0.076923 0.071429 0.066667 0.062500 0.058824 0.055556 0.052632 0.050000 0.047619 0.045455 0.043478 0.041667 0.040000 0.038462 0.037037 0.035714 0.034483 0.033333 0.032258 0.031250 0.030303 0.029412 0.028571 0.027778 0.027027 0.026316 0.025641 0.025000 0.024390 
0.016393 0.016667 0.016949 0.017241 0.017544 0.017857 0.018182 0.018519 0.018868 0.019231 0.019608 0.020000 0.020408 0.020833 0.021277 0.021739 0.022222 0.022727 0.023256 0.023810 0.024390 0.025000 0.025641 0.026316 0.027027 0.027778 0.028571 0.029412 0.030303 0.031250 0.032258 0.033333 0.034483 0.035714 0.037037 0.038462 0.040000 0.041667 0.043478 0.045455 0.047619 0.050000 0.052632 0.055556 0.058824 0.062500 0.066667 0.071429 0.076923 0.083333 0.090909 0.100000 0.111111 0.125000 0.142857 0.166667 0.200000 0.250000 0.333333 0.500000 101.000000 0.500000 0.333333 0.250000 0.200000 0.166667 0.142857 0.125000 0.111111 0.100000 0.090909 0.083333 0.076923 0.071429 0.066667 0.062500 0.058824 0.055556 0.052632 0.050000 0.047619 0.045455 0.043478 0.041667 0.040000 0.038462 0.037037 0.035714 0.034483 0.033333 0.032258 0.031250 0.030303 0.029412 0.028571 0.027778 0.027027 0.026316 0.025641 0.025000 
0.016129 0.016393 0.016667 0.016949 0.017241 0.017544 0.017857 0.018182 0.018519 0.018868 0.019231 0.019608 0.020000 0.020408 0.020833 0.021277 0.021739 0.022222 0.022727 0.023256 0.023810 0.024390 0.025000 0.025641 0.026316 0.027027 0.027778 0.028571 0.029412 0.030303 0.031250 0.032258 0.033333 0.034483 0.035714 0.037037 0.038462 0.040000 0.041667 0.043478 0.045455 0.047619 0.050000 0.052632 0.055556 0.058824 0.062500 0.066667 0.071429 0.076923 0.083333 0.090909 0.100000 0.111111 0.125000 0.142857 0.166667 0.200000 0.250000 0.333333 0.500000 101.000000 0.500000 0.333333 0.250000 0.200000 0.166667 0.142857 0.125000 0.111111 0.100000 0.090909 0.083333 0.076923 0.071429 0.066667 0.062500 0.058824 0.055556 0.052632 0.050000 0.047619 0.045455 0.043478 0.041667 0.040000 0.038462 0.037037 0.035714 0.034483 0.033333 0.032258 0.031250 0.030303 0.029412 0.028571 0.027778 0.027027 0.026316 0.025641 
0.015873 0.016129 0.016393 0.016667 0.016949 0.017241 0.017544 0.017857 0.018182 0.018519 0.018868 0.019231 0.019608 0.020000 0.020408 0.020833 0.021277 0.021739 0.022222 0.022727 0.023256 0.023810 0.024390 0.025000 0.025641 0.026316 0.027027 0.027778 0.028571 0.029412 0.030303 0.031250 0.032258 0.033333 0.034483 0.035714 0.037037 0.038462 0.040000 0.041667 0.043478 0.045455 0.047619 0.050000 0.052632 0.055556 0.058824 0.062500 0.066667 0.071429 0.076923 0.083333 0.090909 0.100000 0.111111 0.125000 0.142857 0.166667 0.200000 0.250000 0.333333 0.500000 101.000000 0.500000 0.333333 0.250000 0.200000 0.166667 0.142857 0.125000 0.111111 0.100000 0.090909 0.083333 0.076923 0.071429 0.066667 0.062500 0.058824 0.055556 0.052632 0.050000 0.047619 0.045455 0.043478 0.041667 0.040000 0.038462 0.037037 0.035714 0.034483 0.033333 0.032258 0.031250 0.030303 0.029412 0.028571 0.027778 0.027027 0.026316 
0.015625 0.015873 0.016129 0.016393 0.016667 0.016949 0.017241 0.017544 0.017857 0.018182 0.018519 0.018868 0.019231 0.019608 0.020000 0.020408 0.020833 0.021277 0.021739 0.022222 0.022727 0.023256 0.023810 0.024390 0.025000 0.025641 0.026316 0.027027 0.027778 0.028571 0.029412 0.030303 0.031250 0.032258 0.033333 0.034483 0.035714 0.037037 0.038462 0.040000 0.041667 0.043478 0.045455 0.047619 0.050000 0.052632 0.055556 0.058824 0.062500 0.066667 0.071429 0.076923 0.083333 0.090909 0.100000 0.111111 0.125000 0.142857 0.166667 0.200000 0.250000 0.333333 0.500000 101.000000 0.500000 0.333333 0.250000 0.200000 0.166667 0.142857 0.125000 0.111111 0.100000 0.090909 0.083333 0.076923 0.071429 0.066667 0.062500 0.058824 0.055556 0.052632 0.050000 0.047619 0.045455 0.043478 0.041667 0.040000 0.038462 0.037037 0.035714 0.034483 0.033333 0.032258 0.031250 0.030303 0.029412 0.028571 0.027778 0.027027 
0.015385 0.015625 0.015873 0.016129 0.016393 0.016667 0.016949 0.017241 0.017544 0.017857 0.018182 0.018519 0.018868 0.019231 0.019608 0.020000 0.020408 0.020833 0.021277 0.021739 0.022222 0.022727 0.023256 0.023810 0.024390 0.025000 0.025641 0.026316 0.027027 0.027778 0.028571 0.029412 0.030303 0.031250 0.032258 0.033333 0.034483 0.035714 0.037037 0.038462 0.040000 0.041667 0.043478 0.045455 0.047619 0.050000 0.052632 0.055556 0.058824 0.062500 0.066667 0.071429 0.076923 0.083333 0.090909 0.100000 0.111111 0.125000 0.142857 0.166667 0.200000 0.250000 0.333333 0.500000 101.000000 0.500000 0.333333 0.250000 0.200000 0.166667 0.142857 0.125000 0.111111 0.100000 0.090909 0.083333 0.076923 0.071429 0.066667 0.062500 0.058824 0.055556 0.052632 0.050000 0.047619 0.045455 0.043478 0.041667 0.040000 0.038462 0.037037 0.035714 0.034483 0.033333 0.032258 0.031250 0.030303 0.029412 0.028571 0.027778 
0.015152 0.015385 0.015625 0.015873 0.016129 0.016393 0.016667 0.016949 0.017241 0.017544 0.017857 0.018182 0.018519 0.018868 0.019231 0.019608 0.020000 0.020408 0.020833 0.021277 0.021739 0.022222 0.022727 0.023256 0.023810 0.024390 0.025000 0.025641 0.026316 0.027027 0.027778 0.028571 0.029412 0.030303 0.031250 0.032258 0.033333 0.034483 0.035714 0.037037 0.038462 0.040000 0.041667 0.043478 0.045455 0.047619 0.050000 0.052632 0.055556 0.058824 0.062500 0.066667 0.071429 0.076923 0.083333 0.090909 0.100000 0.111111 0.125000 0.142857 0.166667 0.200000 0.250000 0.333333 0.500000 101.000000 0.500000 0.333333 0.250000 0.200000 0.166667 0.142857 0.125000 0.111111 0.100000 0.090909 0.083333 0.076923 0.071429 0.066667 0.062500 0.058824 0.055556 0.052632 0.050000 0.047619 0.045455 0.043478 0.041667 0.040000 0.038462 0.037037 0.035714 0.034483 0.033333 0.032258 0.031250 0.030303 0.029412 0.028571 
0.014925 0.015152 0.015385 0.015625 0.015873 0.016129 0.016393 0.016667 0.016949 0.017241 0.017544 0.017857 0.018182 0.018519 0.018868 0.019231 0.019608 0.020000 0.020408 0.020833 0.021277 0.021739 0.022222 0.022727 0.023256 0.023810 0.024390 0.025000 0.025641 0.026316 0.027027 0.027778 0.028571 0.029412 0.030303 0.031250 0.032258 0.033333 0.034483 0.035714 0.037037 0.038462 0.040000 0.041667 0.043478 0.045455 0.047619 0.050000 0.052632 0.055556 0.058824 0.062500 0.066667 0.071429 0.076923 0.083333 0.090909 0.100000 0.111111 0.125000 0.142857 0.166667 0.200000 0.250000 0.333333 0.500000 101.000000 0.500000 0.333333 0.250000 0.200000 0.166667 0.142857 0.125000 0.111111 0.100000 0.090909 0.083333 0.076923 0.071429 0.066667 0.062500 0.058824 0.055556 0.052632 0.050000 0.047619 0.045455 0.043478 0.041667 0.040000 0.038462 0.037037 0.035714 0.034483 0.033333 0.032258 0.031250 0.030303 0.029412 
0.014706 0.014925 0.015152 0.015385 0.015625 0.015873 0.016129 0.016393 0.016667 0.016949 0.017241 0.017544 0.017857 0.018182 0.018519 0.018868 0.019231 0.019608 0.020000 0.020408 0.020833 0.021277 0.021739 0.022222 0.022727 0.023256 0.023810 0.024390 0.025000 0.025641 0.026316 0.027027 0.027778 0.028571 0.029412 0.030303 0.031250 0.032258 0.033333 0.034483 0.035714 0.037037 0.038462 0.040000 0.041667 0.043478 0.045455 0.047619 0.050000 0.052632 0.055556 0.058824 0.062500 0.066667 0.071429 0.076923 0.083333 0.090909 0.100000 0.111111 0.125000 0.142857 0.166667 0.200000 0.250000 0.333333 0.500000 101.000000 0.500000 0.333333 0.250000 0.200000 0.166667 0.142857 0.125000 0.111111 0.100000 0.090909 0.083333 0.076923 0.071429 0.066667 0.062500 0.058824 0.055556 0.052632 0.050000 0.047619 0.045455 0.043478 0.041667 0.040000 0.038462 0.037037 0.035714 0.034483 0.033333 0.032258 0.031250 0.030303 
0.014493 0.014706 0.014925 0.015152 0.015385 0.015625 0.015873 0.016129 0.016393 0.016667 0.016949 0.017241 0.017544 0.017857 0.018182 0.018519 0.018868 0.019231 0.019608 0.020000 0.020408 0.020833 0.021277 0.021739 0.022222 0.022727 0.023256 0.023810 0.024390 0.025000 0.025641 0.026316 0.027027 0.027778 0.028571 0.029412 0.030303 0.031250 0.032258 0.033333 0.034483 0.035714 0.037037 0.038462 0.040000 0.041667 0.043478 0.045455 0.047619 0.050000 0.052632 0.055556 0.058824 0.062500 0.066667 0.071429 0.076923 0.083333 0.090909 0.100000 0.111111 0.125000 0.142857 0.166667 0.200000 0.250000 0.333333 0.500000 101.000000 0.500000 0.333333 0.250000 0.200000 0.166667 0.142857 0.125000 0.111111 0.100000 0.090909 0.083333 0.076923 0.071429 0.066667 0.062500 0.058824 0.055556 0.052632 0.050000 0.047619 0.045455 0.043478 0.041667 0.040000 0.038462 0.037037 0.035714 0.034483 0.033333 0.032258 0.031250 
0.014286 0.014493 0.014706 0.014925 0.015152 0.015385 0.015625 0.015873 0.016129 0.016393 0.016667 0.016949 0.017241 0.017544 0.017857 0.018182 0.018519 0.018868 0.019231 0.019608 0.020000 0.020408 0.020833 0.021277 0.021739 0.022222 0.022727 0.023256 0.023810 0.024390 0.025000 0.025641 0.026316 0.027027 0.027778 0.028571 0.029412 0.030303 0.031250 0.032258 0.033333 0.034483 0.035714 0.037037 0.038462 0.040000 0.041667 0.043478 0.045455 0.047619 0.050000 0.052632 0.055556 0.058824 0.062500 0.066667 0.071429 0.076923 0.083333 0.090909 0.100000 0.111111 0.125000 0.142857 0.166667 0.200000 0.250000 0.333333 0.500000 101.000000 0.500000 0.333333 0.250000 0.200000 0.166667 0.142857 0.125000 0.111111 0.100000 0.090909 0.083333 0.076923 0.071429 0.066667 0.062500 0.058824 0.055556 0.052632 0.050000 0.047619 0.045455 0.043478 0.041667 0.040000 0.038462 0.037037 0.035714 0.034483 0.033333 0.032258 
0.014085 0.014286 0.014493 0.014706 0.014925 0.015152 0.015385 0.015625 0.015873 0.016129 0.016393 0.016667 0.016949 0.017241 0.017544 0.017857 0.018182 0.018519 0.018868 0.019231 0.019608 0.020000 0.020408 0.020833 0.021277 0.021739 0.022222 0.022727 0.023256 0.023810 0.024390 0.025000 0.025641 0.026316 0.027027 0.027778 0.028571 0.029412 0.030303 0.031250 0.032258 0.033333 0.034483 0.035714 0.037037 0.038462 0.040000 0.041667 0.043478 0.045455 0.047619 0.050000 0.052632 0.055556 0.058824 0.062500 0.066667 0.071429 0.076923 0.083333 0.090909 0.100000 0.111111 0.125000 0.142857 0.166667 0.200000 0.250000 0.333333 0.500000 101.000000 0.500000 0.333333 0.250000 0.200000 0.166667 0.142857 0.125000 0.111111 0.100000 0.090909 0.083333 0.076923 0.071429 0.066667 0.062500 0.058824 0.055556 0.052632 0.050000 0.047619 0.045455 0.043478 0.041667 0.040000 0.038462 0.037037 0.035714 0.034483 0.033333 
0.013889 0.014085 0.014286 0.014493 0.014706 0.014925 0.015152 0.015385 0.015625 0.015873 0.016129 0.016393 0.016667 0.016949 0.017241 0.017544 0.017857 0.018182 0.018519 0.018868 0.019231 0.019608 0.020000 0.020408 0.020833 0.021277 0.021739 0.022222 0.022727 0.023256 0.023810 0.024390 0.025000 0.025641 0.026316 0.027027 0.027778 0.028571 0.029412 0.030303 0.031250 0.032258 0.033333 0.034483 0.035714 0.037037 0.038462 0.040000 0.041667 0.043478 0.045455 0.047619 0.050000 0.052632 0.055556 0.058824 0.062500 0.066667 0.071429 0.076923 0.083333 0.090909 0.100000 0.111111 0.125000 0.142857 0.166667 0.200000 0.250000 0.333333 0.500000 101.000000 0.500000 0.333333 0.250000 0.200000 0.166667 0.142857 0.125000 0.111111 0.100000 0.090909 0.083333 0.076923 0.071429 0.066667 0.062500 0.058824 0.055556 0.052632 0.050000 0.047619 0.045455 0.043478 0.041667 0.040000 0.038462 0.037037 0.035714 0.034483 
0.013699 0.013889 0.014085 0.014286 0.014493 0.014706 0.014925 0.015152 0.015385 0.015625 0.015873 0.016129 0.016393 0.016667 0.016949 0.017241 0.017544 0.017857 0.018182 0.018519 0.018868 0.019231 0.019608 0.020000 0.020408 0.020833 0.021277 0.021739 0.022222 0.022727 0.023256 0.023810 0.024390 0.025000 0.025641 0.026316 0.027027 0.027778 0.028571 0.029412 0.030303 0.031250 0.032258 0.033333 0.034483 0.035714 0.037037 0.038462 0.040000 0.041667 0.043478 0.045455 0.047619 0.050000 0.052632 0.055556 0.058824 0.062500 0.066667 0.071429 0.076923 0.083333 0.090909 0.100000 0.111111 0.125000 0.142857 0.166667 0.200000 0.250000 0.333333 0.500000 101.000000 0.500000 0.333333 0.250000 0.200000 0.166667 0.142857 0.125000 0.111111 0.100000 0.090909 0.083333 0.076923 0.071429 0.066667 0.062500 0.058824 0.055556 0.052632 0.050000 0.047619 0.045455 0.043478 0.041667 0.040000 0.038462 0.037037 0.035714 
0.013514 0.013699 0.013889 0.014085 0.014286 0.014493 0.014706 0.014925 0.015152 0.015385 0.015625 0.015873 0.016129 0.016393 0.016667 0.016949 0.017241 0.017544 0.017857 0.018182 0.018519 0.018868 0.019231 0.019608 0.020000 0.020408 0.020833 0.021277 0.021739 0.022222 0.022727 0.023256 0.023810 0.024390 0.025000 0.025641 0.026316 0.027027 0.027778 0.028571 0.029412 0.030303 0.031250 0.032258 0.033333 0.034483 0.035714 0.037037 0.038462 0.040000 0.041667 0.043478 0.045455 0.047619 0.050000 0.052632 0.055556 0.058824 0.062500 0.066667 0.071429 0.076923 0.083333 0.090909 0.100000 0.111111 0.125000 0.142857 0.166667 0.200000 0.250000 0.333333 0.500000 101.000000 0.500000 0.333333 0.250000 0.200000 0.166667 0.142857 0.125000 0.111111 0.100000 0.090909 0.083333 0.076923 0.071429 0.066667 0.062500 0.058824 0.055556 0.052632 0.050000 0.047619 0.045455 0.043478 0.041667 0.040000 0.038462 0.037037 
0.013333 0.013514 0.013699 0.013889 0.014085 0.014286 0.014493 0.014706 0.014925 0.015152 0.015385 0.015625 0.015873 0.016129 0.016393 0.016667 0.016949 0.017241 0.017544 0.017857 0.018182 0.018519 0.018868 0.019231 0.019608 0.020000 0.020408 0.020833 0.021277 0.021739 0.022222 0.022727 0.023256 0.023810 0.024390 0.025000 0.025641 0.026316 0.027027 0.027778 0.028571 0.029412 0.030303 0.031250 0.032258 0.033333 0.034483 0.035714 0.037037 0.038462 0.040000 0.041667 0.043478 0.045455 0.047619 0.050000 0.052632 0.055556 0.058824 0.062500 0.066667 0.071429 0.076923 0.083333 0.090909 0.100000 0.111111 0.125000 0.142857 0.166667 0.200000 0.250000 0.333333 0.500000 101.000000 0.500000 0.333333 0.250000 0.200000 0.166667 0.142857 0.125000 0.111111 0.100000 0.090909 0.083333 0.076923 0.071429 0.066667 0.062500 0.058824 0.055556 0.052632 0.050000 0.047619 0.045455 0.043478 0.041667 0.040000 0.038462 
0.013158 0.013333 0.013514 0.013699 0.013889 0.014085 0.014286 0.014493 0.014706 0.014925 0.015152 0.015385 0.015625 0.015873 0.016129 0.016393 0.016667 0.016949 0.017241 0.017544 0.017857 0.018182 0.018519 0.018868 0.019231 0.019608 0.020000 0.020408 0.020833 0.021277 0.021739 0.022222 0.022727 0.023256 0.023810 0.024390 0.025000 0.025641 0.026316 0.027027 0.027778 0.028571 0.029412 0.030303 0.031250 0.032258 0.033333 0.034483 0.035714 0.037037 0.038462 0.040000 0.041667 0.043478 0.045455 0.047619 0.050000 0.052632 0.055556 0.058824 0.062500 0.066667 0.071429 0.076923 0.083333 0.090909 0.100000 0.111111 0.125000 0.142857 0.166667 0.200000 0.250000 0.333333 0.500000 101.000000 0.500000 0.333333 0.250000 0.200000 0.166667 0.142857 0.125000 0.111111 0.100000 0.090909 0.083333 0.076923 0.071429 0.066667 0.062500 0.058824 0.055556 0.052632 0.050000 0.047619 0.045455 0.043478 0.041667 0.040000 
0.012987 0.013158 0.013333 0.013514 0.013699 0.013889 0.014085 0.014286 0.014493 0.014706 0.014925 0.015152 0.015385 0.015625 0.015873 0.016129 0.016393 0.016667 0.016949 0.017241 0.017544 0.017857 0.018182 0.018519 0.018868 0.019231 0.019608 0.020000 0.020408 0.020833 0.021277 0.021739 0.022222 0.022727 0.023256 0.023810 0.024390 0.025000 0.025641 0.026316 0.027027 0.027778 0.028571 0.029412 0.030303 0.031250 0.032258 0.033333 0.034483 0.035714 0.037037 0.038462 0.040000 0.041667 0.043478 0.045455 0.047619 0.050000 0.052632 0.055556 0.058824 0.062500 0.066667 0.071429 0.076923 0.083333 0.090909 0.100000 0.111111 0.125000 0.142857 0.166667 0.200000 0.250000 0.333333 0.500000 101.000000 0.500000 0.333333 0.250000 0.200000 0.166667 0.142857 0.125000 0.111111 0.100000 0.090909 0.083333 0.076923 0.071429 0.066667 0.062500 0.058824 0.055556 0.052632 0.050000 0.047619 0.045455 0.043478 0.041667 
0.012821 0.012987 0.013158 0.013333 0.013514 0.013699 0.013889 0.014085 0.014286 0.014493 0.014706 0.014925 0.015152 0.015385 0.015625 0.015873 0.016129 0.016393 0.016667 0.016949 0.017241 0.017544 0.017857 0.018182 0.018519 0.018868 0.019231 0.019608 0.020000 0.020408 0.020833 0.021277 0.021739 0.022222 0.022727 0.023256 0.023810 0.024390 0.025000 0.025641 0.026316 0.027027 0.027778 0.028571 0.029412 0.030303 0.031250 0.032258 0.033333 0.034483 0.035714 0.037037 0.038462 0.040000 0.041667 0.043478 0.045455 0.047619 0.050000 0.052632 0.055556 0.058824 0.062500 0.066667 0.071429 0.076923 0.083333 0.090909 0.100000 0.111111 0.125000 0.142857 0.166667 0.200000 0.250000 0.333333 0.500000 101.000000 0.500000 0.333333 0.250000 0.200000 0.166667 0.142857 0.125000 0.111111 0.100000 0.090909 0.083333 0.076923 0.071429 0.066667 0.062500 0.058824 0.055556 0.052632 0.050000 0.047619 0.045455 0.043478 
0.012658 0.012821 0.012987 0.013158 0.013333 0.013514 0.013699 0.013889 0.014085 0.014286 0.014493 0.014706 0.014925 0.015152 0.015385 0.015625 0.015873 0.016129 0.016393 0.016667 0.016949 0.017241 0.017544 0.017857 0.018182 0.018519 0.018868 0.019231 0.019608 0.020000 0.020408 0.020833 0.021277 0.021739 0.022222 0.022727 0.023256 0.023810 0.024390 0.025000 0.025641 0.026316 0.027027 0.027778 0.028571 0.029412 0.030303 0.031250 0.032258 0.033333 0.034483 0.035714 0.037037 0.038462 0.040000 0.041667 0.043478 0.045455 0.047619 0.050000 0.052632 0.055556 0.058824 0.062500 0.066667 0.071429 0.076923 0.083333 0.090909 0.100000 0.111111 0.125000 0.142857 0.166667 0.200000 0.250000 0.333333 0.500000 101.000000 0.500000 0.333333 0.250000 0.200000 0.166667 0.142857 0.125000 0.111111 0.100000 0.090909 0.083333 0.076923 0.071429 0.066667 0.062500 0.058824 0.055556 0.052632 0.050000 0.047619 0.045455 
0.012500 0.012658 0.012821 0.012987 0.013158 0.013333 0.013514 0.013699 0.013889 0.014085 0.014286 0.014493 0.014706 0.014925 0.015152 0.015385 0.015625 0.015873 0.016129 0.016393 0.016667 0.016949 0.017241 0.017544 0.017857 0.018182 0.018519 0.018868 0.019231 0.019608 0.020000 0.020408 0.020833 0.021277 0.021739 0.022222 0.022727 0.023256 0.023810 0.024390 0.025000 0.025641 0.026316 0.027027 0.027778 0.028571 0.029412 0.030303 0.031250 0.032258 0.033333 0.034483 0.035714 0.037037 0.038462 0.040000 0.041667 0.043478 0.045455 0.047619 0.050000 0.052632 0.055556 0.058824 0.062500 0.066667 0.071429 0.076923 0.083333 0.090909 0.100000 0.111111 0.125000 0.142857 0.166667 0.200000 0.250000 0.333333 0.500000 101.000000 0.500000 0.333333 0.250000 0.200000 0.166667 0.142857 0.125000 0.111111 0.100000 0.090909 0.083333 0.076923 0.071429 0.066667 0.062500 0.058824 0.055556 0.052632 0.050000 0.047619 
0.012346 0.012500 0.012658 0.012821 0.012987 0.013158 0.013333 0.013514 0.013699 0.013889 0.014085 0.014286 0.014493 0.014706 0.014925 0.015152 0.015385 0.015625 0.015873 0.016129 0.016393 0.016667 0.016949 0.017241 0.017544 0.017857 0.018182 0.018519 0.018868 0.019231 0.019608 0.020000 0.020408 0.020833 0.021277 0.021739 0.022222 0.022727 0.023256 0.023810 0.024390 0.025000 0.025641 0.026316 0.027027 0.027778 0.028571 0.029412 0.030303 0.031250 0.032258 0.033333 0.034483 0.035714 0.037037 0.038462 0.040000 0.041667 0.043478 0.045455 0.047619 0.050000 0.052632 0.055556 0.058824 0.062500 0.066667 0.071429 0.076923 0.083333 0.090909 0.100000 0.111111 0.125000 0.142857 0.166667 0.200000 0.250000 0.333333 0.500000 101.000000 0.500000 0.333333 0.250000 0.200000 0.166667 0.142857 0.125000 0.111111 0.100000 0.090909 0.083333 0.076923 0.071429 0.066667 0.062500 0.058824 0.055556 0.052632 0.050000 
0.012195 0.012346 0.012500 0.012658 0.012821 0.012987 0.013158 0.013333 0.013514 0.013699 0.013889 0.014085 0.014286 0.014493 0.014706 0.014925 0.015152 0.015385 0.015625 0.015873 0.016129 0.016393 0.016667 0.016949 0.017241 0.017544 0.017857 0.018182 0.018519 0.018868 0.019231 0.019608 0.020000 0.020408 0.020833 0.021277 0.021739 0.022222 0.022727 0.023256 0.023810 0.024390 0.025000 0.025641 0.026316 0.027027 0.027778 0.028571 0.029412 0.030303 0.031250 0.032258 0.033333 0.034483 0.035714 0.037037 0.038462 0.040000 0.041667 0.043478 0.045455 0.047619 0.050000 0.052632 0.055556 0.058824 0.062500 0.066667 0.071429 0.076923 0.083333 0.090909 0.100000 0.111111 0.125000 0.142857 0.166667 0.200000 0.250000 0.333333 0.500000 101.000000 0.500000 0.333333 0.250000 0.200000 0.166667 0.142857 0.125000 0.111111 0.100000 0.090909 0.083333 0.076923 0.071429 0.066667 0.062500 0.058824 0.055556 0.052632 
0.012048 0.012195 0.012346 0.012500 0.012658 0.012821 0.012987 0.013158 0.013333 0.013514 0.013699 0.013889 0.014085 0.014286 0.014493 0.014706 0.014925 0.015152 0.015385 0.015625 0.015873 0.016129 0.016393 0.016667 0.016949 0.017241 0.017544 0.017857 0.018182 0.018519 0.018868 0.019231 0.019608 0.020000 0.020408 0.020833 0.021277 0.021739 0.022222 0.022727 0.023256 0.023810 0.024390 0.025000 0.025641 0.026316 0.027027 0.027778 0.028571 0.029412 0.030303 0.031250 0.032258 0.033333 0.034483 0.035714 0.037037 0.038462 0.040000 0.041667 0.043478 0.045455 0.047619 0.050000 0.052632 0.055556 0.058824 0.062500 0.066667 0.071429 0.076923 0.083333 0.090909 0.100000 0.111111 0.125000 0.142857 0.166667 0.200000 0.250000 0.333333 0.500000 101.000000 0.500000 0.333333 0.250000 0.200000 0.166667 0.142857 0.125000 0.111111 0.100000 0.090909 0.083333 0.076923 0.071429 0.066667 0.062500 0.058824 0.055556 
0.011905 0.012048 0.012195 0.012346 0.012500 0.012658 0.012821 0.012987 0.013158 0.013333 0.013514 0.013699 0.013889 0.014085 0.014286 0.014493 0.014706 0.014925 0.015152 0.015385 0.015625 0.015873 0.016129 0.016393 0.016667 0.016949 0.017241 0.017544 0.017857 0.018182 0.018519 0.018868 0.019231 0.019608 0.020000 0.020408 0.020833 0.021277 0.021739 0.022222 0.022727 0.023256 0.023810 0.024390 0.025000 0.025641 0.026316 0.027027 0.027778 0.028571 0.029412 0.030303 0.031250 0.032258 0.033333 0.034483 0.035714 0.037037 0.038462 0.040000 0.041667 0.043478 0.045455 0.047619 0.050000 0.052632 0.055556 0.058824 0.062500 0.066667 0.071429 0.076923 0.083333 0.090909 0.100000 0.111111 0.125000 0.142857 0.166667 0.200000 0.250000 0.333333 0.500000 101.000000 0.500000 0.333333 0.250000 0.200000 0.166667 0.142857 0.125000 0.111111 0.100000 0.090909 0.083333 0.076923 0.071429 0.066667 0.062500 0.058824 
0.011765 0.011905 0.012048 0.012195 0.012346 0.012500 0.012658 0.012821 0.012987 0.013158 0.013333 0.013514 0.013699 0.013889 0.014085 0.014286 0.014493 0.014706 0.014925 0.015152 0.015385 0.015625 0.015873 0.016129 0.016393 0.016667 0.016949 0.017241 0.017544 0.017857 0.018182 0.018519 0.018868 0.019231 0.019608 0.020000 0.020408 0.020833 0.021277 0.021739 0.022222 0.022727 0.023256 0.023810 0.024390 0.025000 0.025641 0.026316 0.027027 0.027778 0.028571 0.029412 0.030303 0.031250 0.032258 0.033333 0.034483 0.035714 0.037037 0.038462 0.040000 0.041667 0.043478 0.045455 0.047619 0.050000 0.052632 0.055556 0.058824 0.062500 0.066667 0.071429 0.076923 0.083333 0.090909 0.100000 0.111111 0.125000 0.142857 0.166667 0.200000 0.250000 0.333333 0.500000 101.000000 0.500000 0.333333 0.250000 0.200000 0.166667 0.142857 0.125000 0.111111 0.100000 0.090909 0.083333 0.076923 0.071429 0.066667 0.062500 
0.011628 0.011765 0.011905 0.012048 0.012195 0.012346 0.012500 0.012658 0.012821 0.012987 0.013158 0.013333 0.013514 0.013699 0.013889 0.014085 0.014286 0.014493 0.014706 0.014925 0.015152 0.015385 0.015625 0.015873 0.016129 0.016393 0.016667 0.016949 0.017241 0.017544 0.017857 0.018182 0.018519 0.018868 0.019231 0.019608 0.020000 0.020408 0.020833 0.021277 0.021739 0.022222 0.022727 0.023256 0.023810 0.024390 0.025000 0.025641 0.026316 0.027027 0.027778 0.028571 0.029412 0.030303 0.031250 0.032258 0.033333 0.034483 0.035714 0.037037 0.038462 0.040000 0.041667 0.043478 0.045455 0.047619 0.050000 0.052632 0.055556 0.058824 0.062500 0.066667 0.071429 0.076923 0.083333 0.090909 0.100000 0.111111 0.125000 0.142857 0.166667 0.200000 0.250000 0.333333 0.500000 101.000000 0.500000 0.333333 0.250000 0.200000 0.166667 0.142857 0.125000 0.111111 0.100000 0.090909 0.083333 0.076923 0.071429 0.066667 
0.011494 0.011628 0.011765 0.011905 0.012048 0.012195 0.012346 0.012500 0.012658 0.012821 0.012987 0.013158 0.013333 0.013514 0.013699 0.013889 0.014085 0.014286 0.014493 0.014706 0.014925 0.015152 0.015385 0.015625 0.015873 0.016129 0.016393 0.016667 0.016949 0.017241 0.017544 0.017857 0.018182 0.018519 0.018868 0.019231 0.019608 0.020000 0.020408 0.020833 0.021277 0.021739 0.022222 0.022727 0.023256 0.023810 0.024390 0.025000 0.025641 0.026316 0.027027 0.027778 0.028571 0.029412 0.030303 0.031250 0.032258 0.033333 0.034483 0.035714 0.037037 0.038462 0.040000 0.041667 0.043478 0.045455 0.047619 0.050000 0.052632 0.055556 0.058824 0.062500 0.066667 0.071429 0.076923 0.083333 0.090909 0.100000 0.111111 0.125000 0.142857 0.166667 0.200000 0.250000 0.333333 0.500000 101.000000 0.500000 0.333333 0.250000 0.200000 0.166667 0.142857 0.125000 0.111111 0.100000 0.090909 0.083333 0.076923 0.071429 
0.011364 0.011494 0.011628 0.011765 0.011905 0.012048 0.012195 0.012346 0.012500 0.012658 0.012821 0.012987 0.013158 0.013333 0.013514 0.013699 0.013889 0.014085 0.014286 0.014493 0.014706 0.014925 0.015152 0.015385 0.015625 0.015873 0.016129 0.016393 0.016667 0.016949 0.017241 0.017544 0.017857 0.018182 0.018519 0.018868 0.019231 0.019608 0.020000 0.020408 0.020833 0.021277 0.021739 0.022222 0.022727 0.023256 0.023810 0.024390 0.025000 0.025641 0.026316 0.027027 0.027778 0.028571 0.029412 0.030303 0.031250 0.032258 0.033333 0.034483 0.035714 0.037037 0.038462 0.040000 0.041667 0.043478 0.045455 0.047619 0.050000 0.052632 0.055556 0.058824 0.062500 0.066667 0.071429 0.076923 0.083333 0.090909 0.100000 0.111111 0.125000 0.142857 0.166667 0.200000 0.250000 0.333333 0.500000 101.000000 0.500000 0.333333 0.250000 0.200000 0.166667 0.142857 0.125000 0.111111 0.100000 0.090909 0.083333 0.076923 
0.011236 0.011364 0.011494 0.011628 0.011765 0.011905 0.012048 0.012195 0.012346 0.012500 0.012658 0.012821 0.012987 0.013158 0.013333 0.013514 0.013699 0.013889 0.014085 0.014286 0.014493 0.014706 0.014925 0.015152 0.015385 0.015625 0.015873 0.016129 0.016393 0.016667 0.016949 0.017241 0.017544 0.017857 0.018182 0.018519 0.018868 0.019231 0.019608 0.020000 0.020408 0.020833 0.021277 0.021739 0.022222 0.022727 0.023256 0.023810 0.024390 0.025000 0.025641 0.026316 0.027027 0.027778 0.028571 0.029412 0.030303 0.031250 0.032258 0.033333 0.034483 0.035714 0.037037 0.038462 0.040000 0.041667 0.043478 0.045455 0.047619 0.050000 0.052632 0.055556 0.058824 0.062500 0.066667 0.071429 0.076923 0.083333 0.090909 0.100000 0.111111 0.125000 0.142857 0.166667 0.200000 0.250000 0.333333 0.500000 101.000000 0.500000 0.333333 0.250000 0.200000 0.166667 0.142857 0.125000 0.111111 0.100000 0.090909 0.083333 
0.011111 0.011236 0.011364 0.011494 0.011628 0.011765 0.011905 0.012048 0.012195 0.012346 0.012500 0.012658 0.012821 0.012987 0.013158 0.013333 0.013514 0.013699 0.013889 0.014085 0.014286 0.014493 0.014706 0.014925 0.015152 0.015385 0.015625 0.015873 0.016129 0.016393 0.016667 0.016949 0.017241 0.017544 0.017857 0.018182 0.018519 0.018868 0.019231 0.019608 0.020000 0.020408 0.020833 0.021277 0.021739 0.022222 0.022727 0.023256 0.023810 0.024390 0.025000 0.025641 0.026316 0.027027 0.027778 0.028571 0.029412 0.030303 0.031250 0.032258 0.033333 0.034483 0.035714 0.037037 0.038462 0.040000 0.041667 0.043478 0.045455 0.047619 0.050000 0.052632 0.055556 0.058824 0.062500 0.066667 0.071429 0.076923 0.083333 0.090909 0.100000 0.111111 0.125000 0.142857 0.166667 0.200000 0.250000 0.333333 0.500000 101.000000 0.500000 0.333333 0.250000 0.200000 0.166667 0.142857 0.125000 0.111111 0.100000 0.090909 
0.010989 0.011111 0.011236 0.011364 0.011494 0.011628 0.011765 0.011905 0.012048 0.012195 0.012346 0.012500 0.012658 0.012821 0.012987 0.013158 0.013333 0.013514 0.013699 0.013889 0.014085 0.014286 0.014493 0.014706 0.014925 0.015152 0.015385 0.015625 0.015873 0.016129 0.016393 0.016667 0.016949 0.017241 0.017544 0.017857 0.018182 0.018519 0.018868 0.019231 0.019608 0.020000 0.020408 0.020833 0.021277 0.021739 0.022222 0.022727 0.023256 0.023810 0.024390 0.025000 0.025641 0.026316 0.027027 0.027778 0.028571 0.029412 0.030303 0.031250 0.032258 0.033333 0.034483 0.035714 0.037037 0.038462 0.040000 0.041667 0.043478 0.045455 0.047619 0.050000 0.052632 0.055556 0.058824 0.062500 0.066667 0.071429 0.076923 0.083333 0.090909 0.100000 0.111111 0.125000 0.142857 0.166667 0.200000 0.250000 0.333333 0.500000 101.000000 0.500000 0.333333 0.250000 0.200000 0.166667 0.142857 0.125000 0.111111 0.100000 
0.010870 0.010989 0.011111 0.011236 0.011364 0.011494 0.011628 0.011765 0.011905 0.012048 0.012195 0.012346 0.012500 0.012658 0.012821 0.012987 0.013158 0.013333 0.013514 0.013699 0.013889 0.014085 0.014286 0.014493 0.014706 0.014925 0.015152 0.015385 0.015625 0.015873 0.016129 0.016393 0.016667 0.016949 0.017241 0.017544 0.017857 0.018182 0.018519 0.018868 0.019231 0.019608 0.020000 0.020408 0.020833 0.021277 0.021739 0.022222 0.022727 0.023256 0.023810 0.024390 0.025000 0.025641 0.026316 0.027027 0.027778 0.028571 0.029412 0.030303 0.031250 0.032258 0.033333 0.034483 0.035714 0.037037 0.038462 0.040000 0.041667 0.043478 0.045455 0.047619 0.050000 0.052632 0.055556 0.058824 0.062500 0.066667 0.071429 0.076923 0.083333 0.090909 0.100000 0.111111 0.125000 0.142857 0.166667 0.200000 0.250000 0.333333 0.500000 101.000000 0.500000 0.333333 0.250000 0.200000 0.166667 0.142857 0.125000 0.111111 
0.010753 0.010870 0.010989 0.011111 0.011236 0.011364 0.011494 0.011628 0.011765 0.011905 0.012048 0.012195 0.012346 0.012500 0.012658 0.012821 0.012987 0.013158 0.013333 0.013514 0.013699 0.013889 0.014085 0.014286 0.014493 0.014706 0.014925 0.015152 0.015385 0.015625 0.015873 0.016129 0.016393 0.016667 0.016949 0.017241 0.017544 0.017857 0.018182 0.018519 0.018868 0.019231 0.019608 0.020000 0.020408 0.020833 0.021277 0.021739 0.022222 0.022727 0.023256 0.023810 0.024390 0.025000 0.025641 0.026316 0.027027 0.027778 0.028571 0.029412 0.030303 0.031250 0.032258 0.033333 0.034483 0.035714 0.037037 0.038462 0.040000 0.041667 0.043478 0.045455 0.047619 0.050000 0.052632 0.055556 0.058824 0.062500 0.066667 0.071429 0.076923 0.083333 0.090909 0.100000 0.111111 0.125000 0.142857 0.166667 0.200000 0.250000 0.333333 0.500000 101.000000 0.500000 0.333333 0.250000 0.200000 0.166667 0.142857 0.125000 
0.010638 0.010753 0.010870 0.010989 0.011111 0.011236 0.011364 0.011494 0.011628 0.011765 0.011905 0.012048 0.012195 0.012346 0.012500 0.012658 0.012821 0.012987 0.013158 0.013333 0.013514 0.013699 0.013889 0.014085 0.014286 0.014493 0.014706 0.014925 0.015152 0.015385 0.015625 0.015873 0.016129 0.016393 0.016667 0.016949 0.017241 0.017544 0.017857 0.018182 0.018519 0.018868 0.019231 0.019608 0.020000 0.020408 0.020833 0.021277 0.021739 0.022222 0.022727 0.023256 0.023810 0.024390 0.025000 0.025641 0.026316 0.027027 0.027778 0.028571 0.029412 0.030303 0.031250 0.032258 0.033333 0.034483 0.035714 0.037037 0.038462 0.040000 0.041667 0.043478 0.045455 0.047619 0.050000 0.052632 0.055556 0.058824 0.062500 0.066667 0.071429 0.076923 0.083333 0.090909 0.100000 0.111111 0.125000 0.142857 0.166667 0.200000 0.250000 0.333333 0.500000 101.000000 0.500000 0.333333 0.250000 0.200000 0.166667 0.142857 
0.010526 0.010638 0.010753 0.010870 0.010989 0.011111 0.011236 0.011364 0.011494 0.011628 0.011765 0.011905 0.012048 0.012195 0.012346 0.012500 0.012658 0.012821 0.012987 0.013158 0.013333 0.013514 0.013699 0.013889 0.014085 0.014286 0.014493 0.014706 0.014925 0.015152 0.015385 0.015625 0.015873 0.016129 0.016393 0.016667 0.016949 0.017241 0.017544 0.017857 0.018182 0.018519 0.018868 0.019231 0.019608 0.020000 0.020408 0.020833 0.021277 0.021739 0.022222 0.022727 0.023256 0.023810 0.024390 0.025000 0.025641 0.026316 0.027027 0.027778 0.028571 0.029412 0.030303 0.031250 0.032258 0.033333 0.034483 0.035714 0.037037 0.038462 0.040000 0.041667 0.043478 0.045455 0.047619 0.050000 0.052632 0.055556 0.058824 0.062500 0.066667 0.071429 0.076923 0.083333 0.090909 0.100000 0.111111 0.125000 0.142857 0.166667 0.200000 0.250000 0.333333 0.500000 101.000000 0.500000 0.333333 0.250000 0.200000 0.166667 
0.010417 0.010526 0.010638 0.010753 0.010870 0.010989 0.011111 0.011236 0.011364 0.011494 0.011628 0.011765 0.011905 0.012048 0.012195 0.012346 0.012500 0.012658 0.012821 0.012987 0.013158 0.013333 0.013514 0.013699 0.013889 0.014085 0.014286 0.014493 0.014706 0.014925 0.015152 0.015385 0.015625 0.015873 0.016129 0.016393 0.016667 0.016949 0.017241 0.017544 0.017857 0.018182 0.018519 0.018868 0.019231 0.019608 0.020000 0.020408 0.020833 0.021277 0.021739 0.022222 0.022727 0.023256 0.023810 0.024390 0.025000 0.025641 0.026316 0.027027 0.027778 0.028571 0.029412 0.030303 0.031250 0.032258 0.033333 0.034483 0.035714 0.037037 0.038462 0.040000 0.041667 0.043478 0.045455 0.047619 0.050000 0.052632 0.055556 0.058824 0.062500 0.066667 0.071429 0.076923 0.083333 0.090909 0.100000 0.111111 0.125000 0.142857 0.166667 0.200000 0.250000 0.333333 0.500000 101.000000 0.500000 0.333333 0.250000 0.200000 
0.010309 0.010417 0.010526 0.010638 0.010753 0.010870 0.010989 0.011111 0.011236 0.011364 0.011494 0.011628 0.011765 0.011905 0.012048 0.012195 0.012346 0.012500 0.012658 0.012821 0.012987 0.013158 0.013333 0.013514 0.013699 0.013889 0.014085 0.014286 0.014493 0.014706 0.014925 0.015152 0.015385 0.015625 0.015873 0.016129 0.016393 0.016667 0.016949 0.017241 0.017544 0.017857 0.018182 0.018519 0.018868 0.019231 0.019608 0.020000 0.020408 0.020833 0.021277 0.021739 0.022222 0.022727 0.023256 0.023810 0.024390 0.025000 0.025641 0.026316 0.027027 0.027778 0.028571 0.029412 0.030303 0.031250 0.032258 0.033333 0.034483 0.035714 0.037037 0.038462 0.040000 0.041667 0.043478 0.045455 0.047619 0.050000 0.052632 0.055556 0.058824 0.062500 0.066667 0.071429 0.076923 0.083333 0.090909 0.100000 0.111111 0.125000 0.142857 0.166667 0.200000 0.250000 0.333333 0.500000 101.000000 0.500000 0.333333 0.250000 
0.010204 0.010309 0.010417 0.010526 0.010638 0.010753 0.010870 0.010989 0.011111 0.011236 0.011364 0.011494 0.011628 0.011765 0.011905 0.012048 0.012195 0.012346 0.012500 0.012658 0.012821 0.012987 0.013158 0.013333 0.013514 0.013699 0.013889 0.014085 0.014286 0.014493 0.014706 0.014925 0.015152 0.015385 0.015625 0.015873 0.016129 0.016393 0.016667 0.016949 0.017241 0.017544 0.017857 0.018182 0.018519 0.018868 0.019231 0.019608 0.020000 0.020408 0.020833 0.021277 0.021739 0.022222 0.022727 0.023256 0.023810 0.024390 0.025000 0.025641 0.026316 0.027027 0.027778 0.028571 0.029412 0.030303 0.031250 0.032258 0.033333 0.034483 0.035714 0.037037 0.038462 0.040000 0.041667 0.043478 0.045455 0.047619 0.050000 0.052632 0.055556 0.058824 0.062500 0.066667 0.071429 0.076923 0.083333 0.090909 0.100000 0.111111 0.125000 0.142857 0.166667 0.200000 0.250000 0.333333 0.500000 101.000000 0.500000 0.333333 
0.010101 0.010204 0.010309 0.010417 0.010526 0.010638 0.010753 0.010870 0.010989 0.011111 0.011236 0.011364 0.011494 0.011628 0.011765 0.011905 0.012048 0.012195 0.012346 0.012500 0.012658 0.012821 0.012987 0.013158 0.013333 0.013514 0.013699 0.013889 0.014085 0.014286 0.014493 0.014706 0.014925 0.015152 0.015385 0.015625 0.015873 0.016129 0.016393 0.016667 0.016949 0.017241 0.017544 0.017857 0.018182 0.018519 0.018868 0.019231 0.019608 0.020000 0.020408 0.020833 0.021277 0.021739 0.022222 0.022727 0.023256 0.023810 0.024390 0.025000 0.025641 0.026316 0.027027 0.027778 0.028571 0.029412 0.030303 0.031250 0.032258 0.033333 0.034483 0.035714 0.037037 0.038462 0.040000 0.041667 0.043478 0.045455 0.047619 0.050000 0.052632 0.055556 0.058824 0.062500 0.066667 0.071429 0.076923 0.083333 0.090909 0.100000 0.111111 0.125000 0.142857 0.166667 0.200000 0.250000 0.333333 0.500000 101.000000 0.500000 
0.010000 0.010101 0.010204 0.010309 0.010417 0.010526 0.010638 0.010753 0.010870 0.010989 0.011111 0.011236 0.011364 0.011494 0.011628 0.011765 0.011905 0.012048 0.012195 0.012346 0.012500 0.012658 0.012821 0.012987 0.013158 0.013333 0.013514 0.013699 0.013889 0.014085 0.014286 0.014493 0.014706 0.014925 0.015152 0.015385 0.015625 0.015873 0.016129 0.016393 0.016667 0.016949 0.017241 0.017544 0.017857 0.018182 0.018519 0.018868 0.019231 0.019608 0.020000 0.020408 0.020833 0.021277 0.021739 0.022222 0.022727 0.023256 0.023810 0.024390 0.025000 0.025641 0.026316 0.027027 0.027778 0.028571 0.029412 0.030303 0.031250 0.032258 0.033333 0.034483 0.035714 0.037037 0.038462 0.040000 0.041667 0.043478 0.045455 0.047619 0.050000 0.052632 0.055556 0.058824 0.062500 0.066667 0.071429 0.076923 0.083333 0.090909 0.100000 0.111111 0.125000 0.142857 0.166667 0.200000 0.250000 0.333333 0.500000 101.000000 

Vector b (100):
0.537944
85.212591
91.959033
14.434329
-76.155839
-96.565412
-28.058024
66.360861
99.867875
41.645082
-54.787157
-100.777193
-54.048433
42.431463
99.954638
65.630481
-28.987108
-96.910312
-75.693668
15.153809
92.105084
84.409433
-0.859693
-85.307992
-91.295689
-13.319206
76.928862
96.473575
27.344414
-66.902714
-99.618492
-40.725184
55.630031
100.857716
53.374895
-43.163758
-100.001826
-64.883394
29.903100
97.210704
75.156457
-15.983707
-92.416561
-83.870691
1.796286
85.821978
90.952995
12.471362
-77.467803
-96.175370
-26.452202
67.598032
99.505480
39.934082
-56.346987
-100.817848
-52.592688
43.990013
100.132074
64.216249
-30.737115
-97.428834
-74.543357
16.878001
92.782341
83.383031
-2.678792
-86.278842
-90.556192
-11.578857
78.041156
95.906988
25.592218
-68.256763
-99.356352
-39.114481
57.081958
100.789567
51.822883
-44.799296
-100.243997
-63.536703
31.572894
97.640198
73.921847
-17.777139
-93.150814
-82.902832
3.542772
86.705958
90.124201
10.651716
-78.648419
-95.678240
-24.785539
68.845380
99.123678
38.203549
-57.913174
-100.856178

Solution x (100):
0.000000
0.841471
0.909297
0.141120
-0.756802
-0.958924
-0.279415
0.656987
0.989358
0.412118
-0.544021
-0.999990
-0.536573
0.420167
0.990607
0.650288
-0.287903
-0.961397
-0.750987
0.149877
0.912945
0.836656
-0.008851
-0.846220
-0.905578
-0.132352
0.762558
0.956376
0.270906
-0.663634
-0.988032
-0.404038
0.551427
0.999912
0.529083
-0.428183
-0.991779
-0.643538
0.296369
0.963795
0.745113
-0.158623
-0.916522
-0.831775
0.017702
0.850904
0.901788
0.123573
-0.768255
-0.953753
-0.262375
0.670229
0.986628
0.395925
-0.558789
-0.999755
-0.521551
0.436165
0.992873
0.636738
-0.304811
-0.966118
-0.739181
0.167356
0.920026
0.826829
-0.026551
-0.855520
-0.897928
-0.114785
0.773891
0.951055
0.253823
-0.676772
-0.985146
-0.387782
0.566108
0.999520
0.513978
-0.444113
-0.993889
-0.629888
0.313229
0.968364
0.733190
-0.176076
-0.923458
-0.821818
0.035398
0.860069
0.893997
0.105988
-0.779466
-0.948282
-0.245252
0.683262
0.983588
0.379608
-0.573382
-0.999207
